pins: shape:  (10, 2)  :  40  bytes
[[59 30]
 [53 47]
 [38 57]
 [21 57]
 [ 6 47]
 [ 1 30]
 [ 6 12]
 [21  2]
 [38  2]
 [53 12]]
conns: shape:  (180,)  :  180  bytes
[False False False False False False False False False False False False
 False False False False False False False False False False False False
 False False False False False False False False False False False False
 False False False False False False False False False False False False
 False False False False False False False False False False False False
 False False False False False False False False False False False False
 False False False False False False False False False False False False
 False False False False False False False False False False False False
 False False False False False False False False False False False False
 False False False False False False False False False False False False
 False False False False False False False False False False False False
 False False False False False False False False False False False False
 False False False False False False False False False False False False
 False False False False False False False False False False False False
 False False False False False False False False False False False False]
img: shape:  (60, 60)  :  3600  bytes
[[255 255 255 255 255 255 255 255 255 255 255 255 255 255 255 255 255 255
  255 255 255 255 255 255 255 255 255 255 255 255 255 255 255 255 255 255
  255 255 255 255 255 255 255 255 255 255 255 255 255 255 255 255 255 255
  255 255 255 255 255 255]
 [255 255 255 255 255 255 255 255 255 255 255 255 255 255 255 255 255 255
  255 255 255 255 255 255 255 255 255 255 255 255 255 255 255 255 255 255
  255 255 255 255 255 255 255 255 255 255 255 255 255 255 255 255 255 255
  255 255 255 255 255 255]
 [255 255 255 255 255 255 255 255 255 255 255 255 255 255 255 255 255 255
  255 255 255 255 255 255 255 255 255 255 255 255 255 255 255 255 255 255
  255 255 255 255 255 255 255 255 255 255 255 255 255 255 255 255 255 255
  255 255 255 255 255 255]
 [255 255 255 255 255 255 255 255 255 255 255 255 255 255 255 255 255 255
  255 255 255 255 255 255 255 255 255 255 255 255 255 255 255 255 255 255
  255 255 255 255 255 255 255 255 255 255 255 255 255 255 255 255 255 255
  255 255 255 255 255 255]
 [255 255 255 255 255 255 255 255 255 255 255 255 255 255 255 255 255 255
  255 255 255 255 255 255 255 255 255 255 255 255 255 255 255 255 255 255
  255 255 255 255 255 255 255 255 255 255 255 255 255 255 255 255 255 255
  255 255 255 255 255 255]
 [255 255 255 255 255 255 255 255 255 255 255 255 255 255 255 255 255 255
  255 255 255 255 255 255 255 255 255 255 255 255 255 255 255 255 255 255
  255 255 255 255 255 255 255 255 255 255 255 255 255 255 255 255 255 255
  255 255 255 255 255 255]
 [255 255 255 255 255 255 255 255 255 255 255 255 255 255 255 255 255 255
  255 255 255 255 255 255 255 255 255 255 255 255 255 255 255 255 255 255
  255 255 255 255 255 255 255 255 255 255 255 255 255 255 255 255 255 255
  255 255 255 255 255 255]
 [255 255 255 255 255 255 255 255 255 255 255 255 255 255 255 255 255 255
  255 255 255 255 255 255 255 255 255 255 255 255 255 255 255 255 255 255
  255 255 255 255 255 255 255 255 255 255 255 255 255 255 255 255 255 255
  255 255 255 255 255 255]
 [255 255 255 255 255 255 255 255 255 255 255 255 255 255 255 255 255 255
  255 255 255 255 255 255 255 255 255 255 255 255 255 255 255 255 255 255
  255 255 255 255 255 255 255 255 255 255 255 255 255 255 255 255 255 255
  255 255 255 255 255 255]
 [255 255 255 255 255 255 255 255 255 255 255 255 255 255 255 255 255 255
  255 255 255 255 255 255 255 255 255 255 255 255 255 255 255 255 255 255
  255 255 255 255 255 255 255 255 255 255 255 255 255 255 255 255 255 255
  255 255 255 255 255 255]
 [255 255 255 255 255 255 255 255 255 255 255 255 255 255 255 255 255 255
  255 255 255 255 255 255 255 255 255 255 255 255 255 255 255 255 255 255
  255 255 255 255 255 255 255 255 255 255 255 255 255 255 255 255 255 255
  255 255 255 255 255 255]
 [255 255 255 255 255 255 255 255 255 255 255 255 255 255 255 255 255 255
  255 255 255 255 255 255 255 255 255 255 255 255 255 255 255 255 255 255
  255 255 255 255 255 255 255 255 255 255 255 255 255 255 255 255 255 255
  255 255 255 255 255 255]
 [255 255 255 255 255 255 255 255 255 255 255 255 255 255 255 255 255 255
  255 255 255 255 255 255 255 255 255 255 255 255 255 255 255 255 255 255
  255 255 255 255 255 255 255 255 255 255 255 255 255 255 255 255 255 255
  255 255 255 255 255 255]
 [255 255 255 255 255 255 255 255 255 255 255 255 255 255 255 255 255 255
  255 255 255 255 255 255 255 255 255 255 255 255 255 255 255 255 255 255
  255 255 255 255 255 255 255 255 255 255 255 255 255 255 255 255 255 255
  255 255 255 255 255 255]
 [255 255 255 255 255 255 255 255 255 255 255 255 255 255 255 255 255 255
  255 255 255 255 255 255 255 255 255 255 255 255 255 255 255 255 255 255
  255 255 255 255 255 255 255 255 255 255 255 255 255 255 255 255 255 255
  255 255 255 255 255 255]
 [255 255 255 255 255 255 255 255 255 255 255 255 255 255 255 255 255 255
  255 255 255 255 255 255 255 255 255 255 255 255 255 255 255 255 255 255
  255 255 255 255 255 255 255 255 255 255 255 255 255 255 255 255 255 255
  255 255 255 255 255 255]
 [255 255 255 255 255 255 255 255 255 255 255 255 255 255 255 255 255 255
  255 255 255 255 255 255 255 255 255 255 255 255 255 255 255 255 255 255
  255 255 255 255 255 255 255 255 255 255 255 255 255 255 255 255 255 254
  253 252 255 255 255 255]
 [255 255 255 255 255 255 255 255 255 255 255 255 255 255 255 255 255 255
  255 255 255 255 255 255 255 255 255 255 255 255 255 255 255 255 255 255
  255 255 255 255 255 255 255 255 255 254 253 252 251 251 252 253 255 255
  255 255 255 255 255 255]
 [255 255 255 255 255 255 255 255 255 255 255 255 255 255 255 255 255 255
  255 255 255 255 255 255 255 255 255 255 255 255 255 255 255 255 255 255
  255 255 255 255 254 253 252 251 252 255 255 255 255 255 255 255 255 242
  219 193 163 255 255 255]
 [255 255 255 255 255 255 255 255 255 255 255 255 255 255 255 255 255 255
  255 255 255 255 255 255 255 255 255 255 255 255 255 255 255 255 255 254
  253 251 251 252 255 255 255 255 255 248 219 183 142 102  78  58  39  21
    7   0   0   0 255 255]
 [255 255 255 255 255 255 255 255 255 255 255 255 255 255 255 255 255 255
  255 255 255 255 255 255 255 255 255 255 255 255 254 252 251 251 254 255
  255 255 255 255 253 223 179 128  76  33   4   0   0   0   0   6  30  53
   36   3   4   5 255 255]
 [255 255 255 255 255 255 255 255 255 255 255 255 255 255 255 255 255 255
  255 255 255 255 255 254 252 251 251 251 252 254 255 255 255 255 255 238
  204 163 117  73  33   3   0   0   0   0   0   2   4   4   7  11  13   9
    3   4   2   0   0 255]
 [255 255 255 255 255 255 255 255 255 255 255 255 255 255 255 255 255 255
  255 254 252 251 253 255 255 255 255 255 255 255 243 201 151  96  45  10
    0   0   0   3  20  21   8   4   3   2   1   1   3   3   0   0   0   0
    0   0   0  14  61 255]
 [255 255 255 255 255 255 255 255 255 255 255 255 255 255 255 255 254 251
  255 255 255 255 255 240 200 161 138 111  68  42  13   0   0  10  36  49
   54  52  45  34  28  13   1   1   2   3   3   0   0   0   0  14  35  63
   95 130 180 231 255 255]
 [255 255 255 255 255 255 255 255 255 255 255 255 255 255 255 255 255 255
  255 227 180 137  80  15   0   0   0   0  18  47  63  70  70  63  47  23
    8   0   0   0   0   1   3   0   0   0   0  17  77 153 211 232 250 255
  255 255 255 255 254 255]
 [255 255 255 255 255 255 255 255 255 255 255 255 255 255 254 253 216 105
   51  23   0   0   0  22  77 109 124 118 113  79  32   8   0   0   0   0
    2   3   0   0   0   0   0   2  32  91 168 231 255 255 255 255 255 253
  251 251 252 254 255 255]
 [255 255 255 255 255 255 255 255 255 255 255 255 255 254 248 255 131  57
   65  33  66 107 124 122  96  55  25   0   0   0   0   3   8   2   0   0
    0   0   6  35  75 123 171 214 247 255 255 255 253 251 253 254 254 255
  255 255 255 255 255 255]
 [255 255 255 255 255 255 255 255 255 255 253 251 252 255 255 237 163  74
   36  85  94  55  15   0   0   0   0   4   4   0   0   0   0   0  27  71
  124 177 222 249 255 255 255 255 255 252 252 254 255 255 255 255 255 255
  255 255 255 255 255 255]
 [255 255 255 255 255 254 253 252 251 254 255 255 255 230 130  26   0   0
    6   1   0   0   0   2   0   0   0   0   0  16  55 104 156 206 244 255
  255 255 255 255 253 251 252 253 254 255 255 255 255 255 255 255 255 255
  255 255 255 255 255 255]
 [255 251 251 252 254 255 255 255 255 255 225 143  77  19   0   0   7   4
    0   0   0   0   0   0  39  71 104 144 193 233 255 255 255 255 255 253
  251 252 253 254 255 255 255 255 255 255 255 255 255 255 255 255 255 255
  255 255 255 255 255 255]
 [255 255 255 255 255 248 220 174 129  57  12   0   0   0   0   0   0   0
   15  36  47  74 142 208 252 255 255 255 255 255 254 251 251 253 254 255
  255 255 255 255 255 255 255 255 255 255 255 255 255 255 255 255 255 255
  255 255 255 255 255 255]
 [255 150 124  87  52  32   7   0   0   0   0   0   0   1  36  76 128 185
  231 250 255 255 255 255 255 253 251 251 252 254 255 255 255 255 255 255
  255 255 255 255 255 255 255 255 255 255 255 255 255 255 255 255 255 255
  255 255 255 255 255 255]
 [255   6   0   0   0   0   0   0   0   0  17  55 124 206 249 255 255 255
  255 255 255 253 251 253 254 255 255 255 255 255 255 255 255 255 255 255
  255 255 255 255 255 255 255 255 255 255 255 255 255 255 255 255 255 255
  255 255 255 255 255 255]
 [255  36   6   0   0   0  21  66 124 187 233 255 255 255 255 253 251 252
  254 254 255 255 255 255 255 255 255 255 255 255 255 255 255 255 255 255
  255 255 255 255 255 255 255 255 255 255 255 255 255 255 255 255 255 255
  255 255 255 255 255 255]
 [255   0   0  37  99 171 236 255 255 255 255 254 251 253 254 255 255 255
  255 255 255 255 255 255 255 255 255 255 255 255 255 255 255 255 255 255
  255 255 255 255 255 255 255 255 255 255 255 255 255 255 255 255 255 255
  255 255 255 255 255 255]
 [255 181 208 249 255 255 255 253 251 252 254 255 255 255 255 255 255 255
  255 255 255 255 255 255 255 255 255 255 255 255 255 255 255 255 255 255
  255 255 255 255 255 255 255 255 255 255 255 255 255 255 255 255 255 255
  255 255 255 255 255 255]
 [255 255 255 255 252 252 254 255 255 255 255 255 255 255 255 255 255 255
  255 255 255 255 255 255 255 255 255 255 255 255 255 255 255 255 255 255
  255 255 255 255 255 255 255 255 255 255 255 255 255 255 255 255 255 255
  255 255 255 255 255 255]
 [255 255 253 254 255 255 255 255 255 255 255 255 255 255 255 255 255 255
  255 255 255 255 255 255 255 255 255 255 255 255 255 255 255 255 255 255
  255 255 255 255 255 255 255 255 255 255 255 255 255 255 255 255 255 255
  255 255 255 255 255 255]
 [255 255 255 255 255 255 255 255 255 255 255 255 255 255 255 255 255 255
  255 255 255 255 255 255 255 255 255 255 255 255 255 255 255 255 255 255
  255 255 255 255 255 255 255 255 255 255 255 255 255 255 255 255 255 255
  255 255 255 255 255 255]
 [255 255 255 255 255 255 255 255 255 255 255 255 255 255 255 255 255 255
  255 255 255 255 255 255 255 255 255 255 255 255 255 255 255 255 255 255
  255 255 255 255 255 255 255 255 255 255 255 255 255 255 255 255 255 255
  255 255 255 255 255 255]
 [255 255 255 255 255 255 255 255 255 255 255 255 255 255 255 255 255 255
  255 255 255 255 255 255 255 255 255 255 255 255 255 255 255 255 255 255
  255 255 255 255 255 255 255 255 255 255 255 255 255 255 255 255 255 255
  255 255 255 255 255 255]
 [255 255 255 255 255 255 255 255 255 255 255 255 255 255 255 255 255 255
  255 255 255 255 255 255 255 255 255 255 255 255 255 255 255 255 255 255
  255 255 255 255 255 255 255 255 255 255 255 255 255 255 255 255 255 255
  255 255 255 255 255 255]
 [255 255 255 255 255 255 255 255 255 255 255 255 255 255 255 255 255 255
  255 255 255 255 255 255 255 255 255 255 255 255 255 255 255 255 255 255
  255 255 255 255 255 255 255 255 255 255 255 255 255 255 255 255 255 255
  255 255 255 255 255 255]
 [255 255 255 255 255 255 255 255 255 255 255 255 255 255 255 255 255 255
  255 255 255 255 255 255 255 255 255 255 255 255 255 255 255 255 255 255
  255 255 255 255 255 255 255 255 255 255 255 255 255 255 255 255 255 255
  255 255 255 255 255 255]
 [255 255 255 255 255 255 255 255 255 255 255 255 255 255 255 255 255 255
  255 255 255 255 255 255 255 255 255 255 255 255 255 255 255 255 255 255
  255 255 255 255 255 255 255 255 255 255 255 255 255 255 255 255 255 255
  255 255 255 255 255 255]
 [255 255 255 255 255 255 255 255 255 255 255 255 255 255 255 255 255 255
  255 255 255 255 255 255 255 255 255 255 255 255 255 255 255 255 255 255
  255 255 255 255 255 255 255 255 255 255 255 255 255 255 255 255 255 255
  255 255 255 255 255 255]
 [255 255 255 255 255 255 255 255 255 255 255 255 255 255 255 255 255 255
  255 255 255 255 255 255 255 255 255 255 255 255 255 255 255 255 255 255
  255 255 255 255 255 255 255 255 255 255 255 255 255 255 255 255 255 255
  255 255 255 255 255 255]
 [255 255 255 255 255 255 255 255 255 255 255 255 255 255 255 255 255 255
  255 255 255 255 255 255 255 255 255 255 255 255 255 255 255 255 255 255
  255 255 255 255 255 255 255 255 255 255 255 255 255 255 255 255 255 255
  255 255 255 255 255 255]
 [255 255 255 255 255 255 255 255 255 255 255 255 255 255 255 255 255 255
  255 255 255 255 255 255 255 255 255 255 255 255 255 255 255 255 255 255
  255 255 255 255 255 255 255 255 255 255 255 255 255 255 255 255 255 255
  255 255 255 255 255 255]
 [255 255 255 255 255 255 255 255 255 255 255 255 255 255 255 255 255 255
  255 255 255 255 255 255 255 255 255 255 255 255 255 255 255 255 255 255
  255 255 255 255 255 255 255 255 255 255 255 255 255 255 255 255 255 255
  255 255 255 255 255 255]
 [255 255 255 255 255 255 255 255 255 255 255 255 255 255 255 255 255 255
  255 255 255 255 255 255 255 255 255 255 255 255 255 255 255 255 255 255
  255 255 255 255 255 255 255 255 255 255 255 255 255 255 255 255 255 255
  255 255 255 255 255 255]
 [255 255 255 255 255 255 255 255 255 255 255 255 255 255 255 255 255 255
  255 255 255 255 255 255 255 255 255 255 255 255 255 255 255 255 255 255
  255 255 255 255 255 255 255 255 255 255 255 255 255 255 255 255 255 255
  255 255 255 255 255 255]
 [255 255 255 255 255 255 255 255 255 255 255 255 255 255 255 255 255 255
  255 255 255 255 255 255 255 255 255 255 255 255 255 255 255 255 255 255
  255 255 255 255 255 255 255 255 255 255 255 255 255 255 255 255 255 255
  255 255 255 255 255 255]
 [255 255 255 255 255 255 255 255 255 255 255 255 255 255 255 255 255 255
  255 255 255 255 255 255 255 255 255 255 255 255 255 255 255 255 255 255
  255 255 255 255 255 255 255 255 255 255 255 255 255 255 255 255 255 255
  255 255 255 255 255 255]
 [255 255 255 255 255 255 255 255 255 255 255 255 255 255 255 255 255 255
  255 255 255 255 255 255 255 255 255 255 255 255 255 255 255 255 255 255
  255 255 255 255 255 255 255 255 255 255 255 255 255 255 255 255 255 255
  255 255 255 255 255 255]
 [255 255 255 255 255 255 255 255 255 255 255 255 255 255 255 255 255 255
  255 255 255 255 255 255 255 255 255 255 255 255 255 255 255 255 255 255
  255 255 255 255 255 255 255 255 255 255 255 255 255 255 255 255 255 255
  255 255 255 255 255 255]
 [255 255 255 255 255 255 255 255 255 255 255 255 255 255 255 255 255 255
  255 255 255 255 255 255 255 255 255 255 255 255 255 255 255 255 255 255
  255 255 255 255 255 255 255 255 255 255 255 255 255 255 255 255 255 255
  255 255 255 255 255 255]
 [255 255 255 255 255 255 255 255 255 255 255 255 255 255 255 255 255 255
  255 255 255 255 255 255 255 255 255 255 255 255 255 255 255 255 255 255
  255 255 255 255 255 255 255 255 255 255 255 255 255 255 255 255 255 255
  255 255 255 255 255 255]
 [255 255 255 255 255 255 255 255 255 255 255 255 255 255 255 255 255 255
  255 255 255 255 255 255 255 255 255 255 255 255 255 255 255 255 255 255
  255 255 255 255 255 255 255 255 255 255 255 255 255 255 255 255 255 255
  255 255 255 255 255 255]
 [255 255 255 255 255 255 255 255 255 255 255 255 255 255 255 255 255 255
  255 255 255 255 255 255 255 255 255 255 255 255 255 255 255 255 255 255
  255 255 255 255 255 255 255 255 255 255 255 255 255 255 255 255 255 255
  255 255 255 255 255 255]]
res: shape:  (60, 60)  :  3600  bytes
[[255 255 255 255 255 255 255 255 255 255 255 255 255 255 255 255 255 255
  255 255 255 255 255 255 255 255 255 255 255 255 255 255 255 255 255 255
  255 255 255 255 255 255 255 255 255 255 255 255 255 255 255 255 255 255
  255 255 255 255 255 255]
 [255 255 255 255 255 255 255 255 255 255 255 255 255 255 255 255 255 255
  255 255 255 255 255 255 255 255 255 255 255 255 255 255 255 255 255 255
  255 255 255 255 255 255 255 255 255 255 255 255 255 255 255 255 255 255
  255 255 255 255 255 255]
 [255 255 255 255 255 255 255 255 255 255 255 255 255 255 255 255 255 255
  255 255 255 255 255 255 255 255 255 255 255 255 255 255 255 255 255 255
  255 255 255 255 255 255 255 255 255 255 255 255 255 255 255 255 255 255
  255 255 255 255 255 255]
 [255 255 255 255 255 255 255 255 255 255 255 255 255 255 255 255 255 255
  255 255 255 255 255 255 255 255 255 255 255 255 255 255 255 255 255 255
  255 255 255 255 255 255 255 255 255 255 255 255 255 255 255 255 255 255
  255 255 255 255 255 255]
 [255 255 255 255 255 255 255 255 255 255 255 255 255 255 255 255 255 255
  255 255 255 255 255 255 255 255 255 255 255 255 255 255 255 255 255 255
  255 255 255 255 255 255 255 255 255 255 255 255 255 255 255 255 255 255
  255 255 255 255 255 255]
 [255 255 255 255 255 255 255 255 255 255 255 255 255 255 255 255 255 255
  255 255 255 255 255 255 255 255 255 255 255 255 255 255 255 255 255 255
  255 255 255 255 255 255 255 255 255 255 255 255 255 255 255 255 255 255
  255 255 255 255 255 255]
 [255 255 255 255 255 255 255 255 255 255 255 255 255 255 255 255 255 255
  255 255 255 255 255 255 255 255 255 255 255 255 255 255 255 255 255 255
  255 255 255 255 255 255 255 255 255 255 255 255 255 255 255 255 255 255
  255 255 255 255 255 255]
 [255 255 255 255 255 255 255 255 255 255 255 255 255 255 255 255 255 255
  255 255 255 255 255 255 255 255 255 255 255 255 255 255 255 255 255 255
  255 255 255 255 255 255 255 255 255 255 255 255 255 255 255 255 255 255
  255 255 255 255 255 255]
 [255 255 255 255 255 255 255 255 255 255 255 255 255 255 255 255 255 255
  255 255 255 255 255 255 255 255 255 255 255 255 255 255 255 255 255 255
  255 255 255 255 255 255 255 255 255 255 255 255 255 255 255 255 255 255
  255 255 255 255 255 255]
 [255 255 255 255 255 255 255 255 255 255 255 255 255 255 255 255 255 255
  255 255 255 255 255 255 255 255 255 255 255 255 255 255 255 255 255 255
  255 255 255 255 255 255 255 255 255 255 255 255 255 255 255 255 255 255
  255 255 255 255 255 255]
 [255 255 255 255 255 255 255 255 255 255 255 255 255 255 255 255 255 255
  255 255 255 255 255 255 255 255 255 255 255 255 255 255 255 255 255 255
  255 255 255 255 255 255 255 255 255 255 255 255 255 255 255 255 255 255
  255 255 255 255 255 255]
 [255 255 255 255 255 255 255 255 255 255 255 255 255 255 255 255 255 255
  255 255 255 255 255 255 255 255 255 255 255 255 255 255 255 255 255 255
  255 255 255 255 255 255 255 255 255 255 255 255 255 255 255 255 255 255
  255 255 255 255 255 255]
 [255 255 255 255 255 255 255 255 255 255 255 255 255 255 255 255 255 255
  255 255 255 255 255 255 255 255 255 255 255 255 255 255 255 255 255 255
  255 255 255 255 255 255 255 255 255 255 255 255 255 255 255 255 255 255
  255 255 255 255 255 255]
 [255 255 255 255 255 255 255 255 255 255 255 255 255 255 255 255 255 255
  255 255 255 255 255 255 255 255 255 255 255 255 255 255 255 255 255 255
  255 255 255 255 255 255 255 255 255 255 255 255 255 255 255 255 255 255
  255 255 255 255 255 255]
 [255 255 255 255 255 255 255 255 255 255 255 255 255 255 255 255 255 255
  255 255 255 255 255 255 255 255 255 255 255 255 255 255 255 255 255 255
  255 255 255 255 255 255 255 255 255 255 255 255 255 255 255 255 255 255
  255 255 255 255 255 255]
 [255 255 255 255 255 255 255 255 255 255 255 255 255 255 255 255 255 255
  255 255 255 255 255 255 255 255 255 255 255 255 255 255 255 255 255 255
  255 255 255 255 255 255 255 255 255 255 255 255 255 255 255 255 255 255
  255 255 255 255 255 255]
 [255 255 255 255 255 255 255 255 255 255 255 255 255 255 255 255 255 255
  255 255 255 255 255 255 255 255 255 255 255 255 255 255 255 255 255 255
  255 255 255 255 255 255 255 255 255 255 255 255 255 255 255 255 255 255
  255 255 255 255 255 255]
 [255 255 255 255 255 255 255 255 255 255 255 255 255 255 255 255 255 255
  255 255 255 255 255 255 255 255 255 255 255 255 255 255 255 255 255 255
  255 255 255 255 255 255 255 255 255 255 255 255 255 255 255 255 255 255
  255 255 255 255 255 255]
 [255 255 255 255 255 255 255 255 255 255 255 255 255 255 255 255 255 255
  255 255 255 255 255 255 255 255 255 255 255 255 255 255 255 255 255 255
  255 255 255 255 255 255 255 255 255 255 255 255 255 255 255 255 255 255
  255 255 255 255 255 255]
 [255 255 255 255 255 255 255 255 255 255 255 255 255 255 255 255 255 255
  255 255 255 255 255 255 255 255 255 255 255 255 255 255 255 255 255 255
  255 255 255 255 255 255 255 255 255 255 255 255 255 255 255 255 255 255
  255 255 255 255 255 255]
 [255 255 255 255 255 255 255 255 255 255 255 255 255 255 255 255 255 255
  255 255 255 255 255 255 255 255 255 255 255 255 255 255 255 255 255 255
  255 255 255 255 255 255 255 255 255 255 255 255 255 255 255 255 255 255
  255 255 255 255 255 255]
 [255 255 255 255 255 255 255 255 255 255 255 255 255 255 255 255 255 255
  255 255 255 255 255 255 255 255 255 255 255 255 255 255 255 255 255 255
  255 255 255 255 255 255 255 255 255 255 255 255 255 255 255 255 255 255
  255 255 255 255 255 255]
 [255 255 255 255 255 255 255 255 255 255 255 255 255 255 255 255 255 255
  255 255 255 255 255 255 255 255 255 255 255 255 255 255 255 255 255 255
  255 255 255 255 255 255 255 255 255 255 255 255 255 255 255 255 255 255
  255 255 255 255 255 255]
 [255 255 255 255 255 255 255 255 255 255 255 255 255 255 255 255 255 255
  255 255 255 255 255 255 255 255 255 255 255 255 255 255 255 255 255 255
  255 255 255 255 255 255 255 255 255 255 255 255 255 255 255 255 255 255
  255 255 255 255 255 255]
 [255 255 255 255 255 255 255 255 255 255 255 255 255 255 255 255 255 255
  255 255 255 255 255 255 255 255 255 255 255 255 255 255 255 255 255 255
  255 255 255 255 255 255 255 255 255 255 255 255 255 255 255 255 255 255
  255 255 255 255 255 255]
 [255 255 255 255 255 255 255 255 255 255 255 255 255 255 255 255 255 255
  255 255 255 255 255 255 255 255 255 255 255 255 255 255 255 255 255 255
  255 255 255 255 255 255 255 255 255 255 255 255 255 255 255 255 255 255
  255 255 255 255 255 255]
 [255 255 255 255 255 255 255 255 255 255 255 255 255 255 255 255 255 255
  255 255 255 255 255 255 255 255 255 255 255 255 255 255 255 255 255 255
  255 255 255 255 255 255 255 255 255 255 255 255 255 255 255 255 255 255
  255 255 255 255 255 255]
 [255 255 255 255 255 255 255 255 255 255 255 255 255 255 255 255 255 255
  255 255 255 255 255 255 255 255 255 255 255 255 255 255 255 255 255 255
  255 255 255 255 255 255 255 255 255 255 255 255 255 255 255 255 255 255
  255 255 255 255 255 255]
 [255 255 255 255 255 255 255 255 255 255 255 255 255 255 255 255 255 255
  255 255 255 255 255 255 255 255 255 255 255 255 255 255 255 255 255 255
  255 255 255 255 255 255 255 255 255 255 255 255 255 255 255 255 255 255
  255 255 255 255 255 255]
 [255 255 255 255 255 255 255 255 255 255 255 255 255 255 255 255 255 255
  255 255 255 255 255 255 255 255 255 255 255 255 255 255 255 255 255 255
  255 255 255 255 255 255 255 255 255 255 255 255 255 255 255 255 255 255
  255 255 255 255 255 255]
 [255 255 255 255 255 255 255 255 255 255 255 255 255 255 255 255 255 255
  255 255 255 255 255 255 255 255 255 255 255 255 255 255 255 255 255 255
  255 255 255 255 255 255 255 255 255 255 255 255 255 255 255 255 255 255
  255 255 255 255 255 255]
 [255 255 255 255 255 255 255 255 255 255 255 255 255 255 255 255 255 255
  255 255 255 255 255 255 255 255 255 255 255 255 255 255 255 255 255 255
  255 255 255 255 255 255 255 255 255 255 255 255 255 255 255 255 255 255
  255 255 255 255 255 255]
 [255 255 255 255 255 255 255 255 255 255 255 255 255 255 255 255 255 255
  255 255 255 255 255 255 255 255 255 255 255 255 255 255 255 255 255 255
  255 255 255 255 255 255 255 255 255 255 255 255 255 255 255 255 255 255
  255 255 255 255 255 255]
 [255 255 255 255 255 255 255 255 255 255 255 255 255 255 255 255 255 255
  255 255 255 255 255 255 255 255 255 255 255 255 255 255 255 255 255 255
  255 255 255 255 255 255 255 255 255 255 255 255 255 255 255 255 255 255
  255 255 255 255 255 255]
 [255 255 255 255 255 255 255 255 255 255 255 255 255 255 255 255 255 255
  255 255 255 255 255 255 255 255 255 255 255 255 255 255 255 255 255 255
  255 255 255 255 255 255 255 255 255 255 255 255 255 255 255 255 255 255
  255 255 255 255 255 255]
 [255 255 255 255 255 255 255 255 255 255 255 255 255 255 255 255 255 255
  255 255 255 255 255 255 255 255 255 255 255 255 255 255 255 255 255 255
  255 255 255 255 255 255 255 255 255 255 255 255 255 255 255 255 255 255
  255 255 255 255 255 255]
 [255 255 255 255 255 255 255 255 255 255 255 255 255 255 255 255 255 255
  255 255 255 255 255 255 255 255 255 255 255 255 255 255 255 255 255 255
  255 255 255 255 255 255 255 255 255 255 255 255 255 255 255 255 255 255
  255 255 255 255 255 255]
 [255 255 255 255 255 255 255 255 255 255 255 255 255 255 255 255 255 255
  255 255 255 255 255 255 255 255 255 255 255 255 255 255 255 255 255 255
  255 255 255 255 255 255 255 255 255 255 255 255 255 255 255 255 255 255
  255 255 255 255 255 255]
 [255 255 255 255 255 255 255 255 255 255 255 255 255 255 255 255 255 255
  255 255 255 255 255 255 255 255 255 255 255 255 255 255 255 255 255 255
  255 255 255 255 255 255 255 255 255 255 255 255 255 255 255 255 255 255
  255 255 255 255 255 255]
 [255 255 255 255 255 255 255 255 255 255 255 255 255 255 255 255 255 255
  255 255 255 255 255 255 255 255 255 255 255 255 255 255 255 255 255 255
  255 255 255 255 255 255 255 255 255 255 255 255 255 255 255 255 255 255
  255 255 255 255 255 255]
 [255 255 255 255 255 255 255 255 255 255 255 255 255 255 255 255 255 255
  255 255 255 255 255 255 255 255 255 255 255 255 255 255 255 255 255 255
  255 255 255 255 255 255 255 255 255 255 255 255 255 255 255 255 255 255
  255 255 255 255 255 255]
 [255 255 255 255 255 255 255 255 255 255 255 255 255 255 255 255 255 255
  255 255 255 255 255 255 255 255 255 255 255 255 255 255 255 255 255 255
  255 255 255 255 255 255 255 255 255 255 255 255 255 255 255 255 255 255
  255 255 255 255 255 255]
 [255 255 255 255 255 255 255 255 255 255 255 255 255 255 255 255 255 255
  255 255 255 255 255 255 255 255 255 255 255 255 255 255 255 255 255 255
  255 255 255 255 255 255 255 255 255 255 255 255 255 255 255 255 255 255
  255 255 255 255 255 255]
 [255 255 255 255 255 255 255 255 255 255 255 255 255 255 255 255 255 255
  255 255 255 255 255 255 255 255 255 255 255 255 255 255 255 255 255 255
  255 255 255 255 255 255 255 255 255 255 255 255 255 255 255 255 255 255
  255 255 255 255 255 255]
 [255 255 255 255 255 255 255 255 255 255 255 255 255 255 255 255 255 255
  255 255 255 255 255 255 255 255 255 255 255 255 255 255 255 255 255 255
  255 255 255 255 255 255 255 255 255 255 255 255 255 255 255 255 255 255
  255 255 255 255 255 255]
 [255 255 255 255 255 255 255 255 255 255 255 255 255 255 255 255 255 255
  255 255 255 255 255 255 255 255 255 255 255 255 255 255 255 255 255 255
  255 255 255 255 255 255 255 255 255 255 255 255 255 255 255 255 255 255
  255 255 255 255 255 255]
 [255 255 255 255 255 255 255 255 255 255 255 255 255 255 255 255 255 255
  255 255 255 255 255 255 255 255 255 255 255 255 255 255 255 255 255 255
  255 255 255 255 255 255 255 255 255 255 255 255 255 255 255 255 255 255
  255 255 255 255 255 255]
 [255 255 255 255 255 255 255 255 255 255 255 255 255 255 255 255 255 255
  255 255 255 255 255 255 255 255 255 255 255 255 255 255 255 255 255 255
  255 255 255 255 255 255 255 255 255 255 255 255 255 255 255 255 255 255
  255 255 255 255 255 255]
 [255 255 255 255 255 255 255 255 255 255 255 255 255 255 255 255 255 255
  255 255 255 255 255 255 255 255 255 255 255 255 255 255 255 255 255 255
  255 255 255 255 255 255 255 255 255 255 255 255 255 255 255 255 255 255
  255 255 255 255 255 255]
 [255 255 255 255 255 255 255 255 255 255 255 255 255 255 255 255 255 255
  255 255 255 255 255 255 255 255 255 255 255 255 255 255 255 255 255 255
  255 255 255 255 255 255 255 255 255 255 255 255 255 255 255 255 255 255
  255 255 255 255 255 255]
 [255 255 255 255 255 255 255 255 255 255 255 255 255 255 255 255 255 255
  255 255 255 255 255 255 255 255 255 255 255 255 255 255 255 255 255 255
  255 255 255 255 255 255 255 255 255 255 255 255 255 255 255 255 255 255
  255 255 255 255 255 255]
 [255 255 255 255 255 255 255 255 255 255 255 255 255 255 255 255 255 255
  255 255 255 255 255 255 255 255 255 255 255 255 255 255 255 255 255 255
  255 255 255 255 255 255 255 255 255 255 255 255 255 255 255 255 255 255
  255 255 255 255 255 255]
 [255 255 255 255 255 255 255 255 255 255 255 255 255 255 255 255 255 255
  255 255 255 255 255 255 255 255 255 255 255 255 255 255 255 255 255 255
  255 255 255 255 255 255 255 255 255 255 255 255 255 255 255 255 255 255
  255 255 255 255 255 255]
 [255 255 255 255 255 255 255 255 255 255 255 255 255 255 255 255 255 255
  255 255 255 255 255 255 255 255 255 255 255 255 255 255 255 255 255 255
  255 255 255 255 255 255 255 255 255 255 255 255 255 255 255 255 255 255
  255 255 255 255 255 255]
 [255 255 255 255 255 255 255 255 255 255 255 255 255 255 255 255 255 255
  255 255 255 255 255 255 255 255 255 255 255 255 255 255 255 255 255 255
  255 255 255 255 255 255 255 255 255 255 255 255 255 255 255 255 255 255
  255 255 255 255 255 255]
 [255 255 255 255 255 255 255 255 255 255 255 255 255 255 255 255 255 255
  255 255 255 255 255 255 255 255 255 255 255 255 255 255 255 255 255 255
  255 255 255 255 255 255 255 255 255 255 255 255 255 255 255 255 255 255
  255 255 255 255 255 255]
 [255 255 255 255 255 255 255 255 255 255 255 255 255 255 255 255 255 255
  255 255 255 255 255 255 255 255 255 255 255 255 255 255 255 255 255 255
  255 255 255 255 255 255 255 255 255 255 255 255 255 255 255 255 255 255
  255 255 255 255 255 255]
 [255 255 255 255 255 255 255 255 255 255 255 255 255 255 255 255 255 255
  255 255 255 255 255 255 255 255 255 255 255 255 255 255 255 255 255 255
  255 255 255 255 255 255 255 255 255 255 255 255 255 255 255 255 255 255
  255 255 255 255 255 255]
 [255 255 255 255 255 255 255 255 255 255 255 255 255 255 255 255 255 255
  255 255 255 255 255 255 255 255 255 255 255 255 255 255 255 255 255 255
  255 255 255 255 255 255 255 255 255 255 255 255 255 255 255 255 255 255
  255 255 255 255 255 255]
 [255 255 255 255 255 255 255 255 255 255 255 255 255 255 255 255 255 255
  255 255 255 255 255 255 255 255 255 255 255 255 255 255 255 255 255 255
  255 255 255 255 255 255 255 255 255 255 255 255 255 255 255 255 255 255
  255 255 255 255 255 255]]
err: shape:  (60, 60)  :  7200  bytes
[[   0    0    0    0    0    0    0    0    0    0    0    0    0    0
     0    0    0    0    0    0    0    0    0    0    0    0    0    0
     0    0    0    0    0    0    0    0    0    0    0    0    0    0
     0    0    0    0    0    0    0    0    0    0    0    0    0    0
     0    0    0    0]
 [   0    0    0    0    0    0    0    0    0    0    0    0    0    0
     0    0    0    0    0    0    0    0    0    0    0    0    0    0
     0    0    0    0    0    0    0    0    0    0    0    0    0    0
     0    0    0    0    0    0    0    0    0    0    0    0    0    0
     0    0    0    0]
 [   0    0    0    0    0    0    0    0    0    0    0    0    0    0
     0    0    0    0    0    0    0    0    0    0    0    0    0    0
     0    0    0    0    0    0    0    0    0    0    0    0    0    0
     0    0    0    0    0    0    0    0    0    0    0    0    0    0
     0    0    0    0]
 [   0    0    0    0    0    0    0    0    0    0    0    0    0    0
     0    0    0    0    0    0    0    0    0    0    0    0    0    0
     0    0    0    0    0    0    0    0    0    0    0    0    0    0
     0    0    0    0    0    0    0    0    0    0    0    0    0    0
     0    0    0    0]
 [   0    0    0    0    0    0    0    0    0    0    0    0    0    0
     0    0    0    0    0    0    0    0    0    0    0    0    0    0
     0    0    0    0    0    0    0    0    0    0    0    0    0    0
     0    0    0    0    0    0    0    0    0    0    0    0    0    0
     0    0    0    0]
 [   0    0    0    0    0    0    0    0    0    0    0    0    0    0
     0    0    0    0    0    0    0    0    0    0    0    0    0    0
     0    0    0    0    0    0    0    0    0    0    0    0    0    0
     0    0    0    0    0    0    0    0    0    0    0    0    0    0
     0    0    0    0]
 [   0    0    0    0    0    0    0    0    0    0    0    0    0    0
     0    0    0    0    0    0    0    0    0    0    0    0    0    0
     0    0    0    0    0    0    0    0    0    0    0    0    0    0
     0    0    0    0    0    0    0    0    0    0    0    0    0    0
     0    0    0    0]
 [   0    0    0    0    0    0    0    0    0    0    0    0    0    0
     0    0    0    0    0    0    0    0    0    0    0    0    0    0
     0    0    0    0    0    0    0    0    0    0    0    0    0    0
     0    0    0    0    0    0    0    0    0    0    0    0    0    0
     0    0    0    0]
 [   0    0    0    0    0    0    0    0    0    0    0    0    0    0
     0    0    0    0    0    0    0    0    0    0    0    0    0    0
     0    0    0    0    0    0    0    0    0    0    0    0    0    0
     0    0    0    0    0    0    0    0    0    0    0    0    0    0
     0    0    0    0]
 [   0    0    0    0    0    0    0    0    0    0    0    0    0    0
     0    0    0    0    0    0    0    0    0    0    0    0    0    0
     0    0    0    0    0    0    0    0    0    0    0    0    0    0
     0    0    0    0    0    0    0    0    0    0    0    0    0    0
     0    0    0    0]
 [   0    0    0    0    0    0    0    0    0    0    0    0    0    0
     0    0    0    0    0    0    0    0    0    0    0    0    0    0
     0    0    0    0    0    0    0    0    0    0    0    0    0    0
     0    0    0    0    0    0    0    0    0    0    0    0    0    0
     0    0    0    0]
 [   0    0    0    0    0    0    0    0    0    0    0    0    0    0
     0    0    0    0    0    0    0    0    0    0    0    0    0    0
     0    0    0    0    0    0    0    0    0    0    0    0    0    0
     0    0    0    0    0    0    0    0    0    0    0    0    0    0
     0    0    0    0]
 [   0    0    0    0    0    0    0    0    0    0    0    0    0    0
     0    0    0    0    0    0    0    0    0    0    0    0    0    0
     0    0    0    0    0    0    0    0    0    0    0    0    0    0
     0    0    0    0    0    0    0    0    0    0    0    0    0    0
     0    0    0    0]
 [   0    0    0    0    0    0    0    0    0    0    0    0    0    0
     0    0    0    0    0    0    0    0    0    0    0    0    0    0
     0    0    0    0    0    0    0    0    0    0    0    0    0    0
     0    0    0    0    0    0    0    0    0    0    0    0    0    0
     0    0    0    0]
 [   0    0    0    0    0    0    0    0    0    0    0    0    0    0
     0    0    0    0    0    0    0    0    0    0    0    0    0    0
     0    0    0    0    0    0    0    0    0    0    0    0    0    0
     0    0    0    0    0    0    0    0    0    0    0    0    0    0
     0    0    0    0]
 [   0    0    0    0    0    0    0    0    0    0    0    0    0    0
     0    0    0    0    0    0    0    0    0    0    0    0    0    0
     0    0    0    0    0    0    0    0    0    0    0    0    0    0
     0    0    0    0    0    0    0    0    0    0    0    0    0    0
     0    0    0    0]
 [   0    0    0    0    0    0    0    0    0    0    0    0    0    0
     0    0    0    0    0    0    0    0    0    0    0    0    0    0
     0    0    0    0    0    0    0    0    0    0    0    0    0    0
     0    0    0    0    0    0    0    0    0    0    0   -1   -2   -3
     0    0    0    0]
 [   0    0    0    0    0    0    0    0    0    0    0    0    0    0
     0    0    0    0    0    0    0    0    0    0    0    0    0    0
     0    0    0    0    0    0    0    0    0    0    0    0    0    0
     0    0    0   -1   -2   -3   -4   -4   -3   -2    0    0    0    0
     0    0    0    0]
 [   0    0    0    0    0    0    0    0    0    0    0    0    0    0
     0    0    0    0    0    0    0    0    0    0    0    0    0    0
     0    0    0    0    0    0    0    0    0    0    0    0   -1   -2
    -3   -4   -3    0    0    0    0    0    0    0    0  -13  -36  -62
   -92    0    0    0]
 [   0    0    0    0    0    0    0    0    0    0    0    0    0    0
     0    0    0    0    0    0    0    0    0    0    0    0    0    0
     0    0    0    0    0    0    0   -1   -2   -4   -4   -3    0    0
     0    0    0   -7  -36  -72 -113 -153 -177 -197 -216 -234 -248 -255
  -255 -255    0    0]
 [   0    0    0    0    0    0    0    0    0    0    0    0    0    0
     0    0    0    0    0    0    0    0    0    0    0    0    0    0
     0    0   -1   -3   -4   -4   -1    0    0    0    0    0   -2  -32
   -76 -127 -179 -222 -251 -255 -255 -255 -255 -249 -225 -202 -219 -252
  -251 -250    0    0]
 [   0    0    0    0    0    0    0    0    0    0    0    0    0    0
     0    0    0    0    0    0    0    0    0   -1   -3   -4   -4   -4
    -3   -1    0    0    0    0    0  -17  -51  -92 -138 -182 -222 -252
  -255 -255 -255 -255 -255 -253 -251 -251 -248 -244 -242 -246 -252 -251
  -253 -255 -255    0]
 [   0    0    0    0    0    0    0    0    0    0    0    0    0    0
     0    0    0    0    0   -1   -3   -4   -2    0    0    0    0    0
     0    0  -12  -54 -104 -159 -210 -245 -255 -255 -255 -252 -235 -234
  -247 -251 -252 -253 -254 -254 -252 -252 -255 -255 -255 -255 -255 -255
  -255 -241 -194    0]
 [   0    0    0    0    0    0    0    0    0    0    0    0    0    0
     0    0   -1   -4    0    0    0    0    0  -15  -55  -94 -117 -144
  -187 -213 -242 -255 -255 -245 -219 -206 -201 -203 -210 -221 -227 -242
  -254 -254 -253 -252 -252 -255 -255 -255 -255 -241 -220 -192 -160 -125
   -75  -24    0    0]
 [   0    0    0    0    0    0    0    0    0    0    0    0    0    0
     0    0    0    0    0  -28  -75 -118 -175 -240 -255 -255 -255 -255
  -237 -208 -192 -185 -185 -192 -208 -232 -247 -255 -255 -255 -255 -254
  -252 -255 -255 -255 -255 -238 -178 -102  -44  -23   -5    0    0    0
     0    0   -1    0]
 [   0    0    0    0    0    0    0    0    0    0    0    0    0    0
    -1   -2  -39 -150 -204 -232 -255 -255 -255 -233 -178 -146 -131 -137
  -142 -176 -223 -247 -255 -255 -255 -255 -253 -252 -255 -255 -255 -255
  -255 -253 -223 -164  -87  -24    0    0    0    0    0   -2   -4   -4
    -3   -1    0    0]
 [   0    0    0    0    0    0    0    0    0    0    0    0    0   -1
    -7    0 -124 -198 -190 -222 -189 -148 -131 -133 -159 -200 -230 -255
  -255 -255 -255 -252 -247 -253 -255 -255 -255 -255 -249 -220 -180 -132
   -84  -41   -8    0    0    0   -2   -4   -2   -1   -1    0    0    0
     0    0    0    0]
 [   0    0    0    0    0    0    0    0    0    0   -2   -4   -3    0
     0  -18  -92 -181 -219 -170 -161 -200 -240 -255 -255 -255 -255 -251
  -251 -255 -255 -255 -255 -255 -228 -184 -131  -78  -33   -6    0    0
     0    0    0   -3   -3   -1    0    0    0    0    0    0    0    0
     0    0    0    0]
 [   0    0    0    0    0   -1   -2   -3   -4   -1    0    0    0  -25
  -125 -229 -255 -255 -249 -254 -255 -255 -255 -253 -255 -255 -255 -255
  -255 -239 -200 -151  -99  -49  -11    0    0    0    0    0   -2   -4
    -3   -2   -1    0    0    0    0    0    0    0    0    0    0    0
     0    0    0    0]
 [   0   -4   -4   -3   -1    0    0    0    0    0  -30 -112 -178 -236
  -255 -255 -248 -251 -255 -255 -255 -255 -255 -255 -216 -184 -151 -111
   -62  -22    0    0    0    0    0   -2   -4   -3   -2   -1    0    0
     0    0    0    0    0    0    0    0    0    0    0    0    0    0
     0    0    0    0]
 [   0    0    0    0    0   -7  -35  -81 -126 -198 -243 -255 -255 -255
  -255 -255 -255 -255 -240 -219 -208 -181 -113  -47   -3    0    0    0
     0    0   -1   -4   -4   -2   -1    0    0    0    0    0    0    0
     0    0    0    0    0    0    0    0    0    0    0    0    0    0
     0    0    0    0]
 [   0 -105 -131 -168 -203 -223 -248 -255 -255 -255 -255 -255 -255 -254
  -219 -179 -127  -70  -24   -5    0    0    0    0    0   -2   -4   -4
    -3   -1    0    0    0    0    0    0    0    0    0    0    0    0
     0    0    0    0    0    0    0    0    0    0    0    0    0    0
     0    0    0    0]
 [   0 -249 -255 -255 -255 -255 -255 -255 -255 -255 -238 -200 -131  -49
    -6    0    0    0    0    0    0   -2   -4   -2   -1    0    0    0
     0    0    0    0    0    0    0    0    0    0    0    0    0    0
     0    0    0    0    0    0    0    0    0    0    0    0    0    0
     0    0    0    0]
 [   0 -219 -249 -255 -255 -255 -234 -189 -131  -68  -22    0    0    0
     0   -2   -4   -3   -1   -1    0    0    0    0    0    0    0    0
     0    0    0    0    0    0    0    0    0    0    0    0    0    0
     0    0    0    0    0    0    0    0    0    0    0    0    0    0
     0    0    0    0]
 [   0 -255 -255 -218 -156  -84  -19    0    0    0    0   -1   -4   -2
    -1    0    0    0    0    0    0    0    0    0    0    0    0    0
     0    0    0    0    0    0    0    0    0    0    0    0    0    0
     0    0    0    0    0    0    0    0    0    0    0    0    0    0
     0    0    0    0]
 [   0  -74  -47   -6    0    0    0   -2   -4   -3   -1    0    0    0
     0    0    0    0    0    0    0    0    0    0    0    0    0    0
     0    0    0    0    0    0    0    0    0    0    0    0    0    0
     0    0    0    0    0    0    0    0    0    0    0    0    0    0
     0    0    0    0]
 [   0    0    0    0   -3   -3   -1    0    0    0    0    0    0    0
     0    0    0    0    0    0    0    0    0    0    0    0    0    0
     0    0    0    0    0    0    0    0    0    0    0    0    0    0
     0    0    0    0    0    0    0    0    0    0    0    0    0    0
     0    0    0    0]
 [   0    0   -2   -1    0    0    0    0    0    0    0    0    0    0
     0    0    0    0    0    0    0    0    0    0    0    0    0    0
     0    0    0    0    0    0    0    0    0    0    0    0    0    0
     0    0    0    0    0    0    0    0    0    0    0    0    0    0
     0    0    0    0]
 [   0    0    0    0    0    0    0    0    0    0    0    0    0    0
     0    0    0    0    0    0    0    0    0    0    0    0    0    0
     0    0    0    0    0    0    0    0    0    0    0    0    0    0
     0    0    0    0    0    0    0    0    0    0    0    0    0    0
     0    0    0    0]
 [   0    0    0    0    0    0    0    0    0    0    0    0    0    0
     0    0    0    0    0    0    0    0    0    0    0    0    0    0
     0    0    0    0    0    0    0    0    0    0    0    0    0    0
     0    0    0    0    0    0    0    0    0    0    0    0    0    0
     0    0    0    0]
 [   0    0    0    0    0    0    0    0    0    0    0    0    0    0
     0    0    0    0    0    0    0    0    0    0    0    0    0    0
     0    0    0    0    0    0    0    0    0    0    0    0    0    0
     0    0    0    0    0    0    0    0    0    0    0    0    0    0
     0    0    0    0]
 [   0    0    0    0    0    0    0    0    0    0    0    0    0    0
     0    0    0    0    0    0    0    0    0    0    0    0    0    0
     0    0    0    0    0    0    0    0    0    0    0    0    0    0
     0    0    0    0    0    0    0    0    0    0    0    0    0    0
     0    0    0    0]
 [   0    0    0    0    0    0    0    0    0    0    0    0    0    0
     0    0    0    0    0    0    0    0    0    0    0    0    0    0
     0    0    0    0    0    0    0    0    0    0    0    0    0    0
     0    0    0    0    0    0    0    0    0    0    0    0    0    0
     0    0    0    0]
 [   0    0    0    0    0    0    0    0    0    0    0    0    0    0
     0    0    0    0    0    0    0    0    0    0    0    0    0    0
     0    0    0    0    0    0    0    0    0    0    0    0    0    0
     0    0    0    0    0    0    0    0    0    0    0    0    0    0
     0    0    0    0]
 [   0    0    0    0    0    0    0    0    0    0    0    0    0    0
     0    0    0    0    0    0    0    0    0    0    0    0    0    0
     0    0    0    0    0    0    0    0    0    0    0    0    0    0
     0    0    0    0    0    0    0    0    0    0    0    0    0    0
     0    0    0    0]
 [   0    0    0    0    0    0    0    0    0    0    0    0    0    0
     0    0    0    0    0    0    0    0    0    0    0    0    0    0
     0    0    0    0    0    0    0    0    0    0    0    0    0    0
     0    0    0    0    0    0    0    0    0    0    0    0    0    0
     0    0    0    0]
 [   0    0    0    0    0    0    0    0    0    0    0    0    0    0
     0    0    0    0    0    0    0    0    0    0    0    0    0    0
     0    0    0    0    0    0    0    0    0    0    0    0    0    0
     0    0    0    0    0    0    0    0    0    0    0    0    0    0
     0    0    0    0]
 [   0    0    0    0    0    0    0    0    0    0    0    0    0    0
     0    0    0    0    0    0    0    0    0    0    0    0    0    0
     0    0    0    0    0    0    0    0    0    0    0    0    0    0
     0    0    0    0    0    0    0    0    0    0    0    0    0    0
     0    0    0    0]
 [   0    0    0    0    0    0    0    0    0    0    0    0    0    0
     0    0    0    0    0    0    0    0    0    0    0    0    0    0
     0    0    0    0    0    0    0    0    0    0    0    0    0    0
     0    0    0    0    0    0    0    0    0    0    0    0    0    0
     0    0    0    0]
 [   0    0    0    0    0    0    0    0    0    0    0    0    0    0
     0    0    0    0    0    0    0    0    0    0    0    0    0    0
     0    0    0    0    0    0    0    0    0    0    0    0    0    0
     0    0    0    0    0    0    0    0    0    0    0    0    0    0
     0    0    0    0]
 [   0    0    0    0    0    0    0    0    0    0    0    0    0    0
     0    0    0    0    0    0    0    0    0    0    0    0    0    0
     0    0    0    0    0    0    0    0    0    0    0    0    0    0
     0    0    0    0    0    0    0    0    0    0    0    0    0    0
     0    0    0    0]
 [   0    0    0    0    0    0    0    0    0    0    0    0    0    0
     0    0    0    0    0    0    0    0    0    0    0    0    0    0
     0    0    0    0    0    0    0    0    0    0    0    0    0    0
     0    0    0    0    0    0    0    0    0    0    0    0    0    0
     0    0    0    0]
 [   0    0    0    0    0    0    0    0    0    0    0    0    0    0
     0    0    0    0    0    0    0    0    0    0    0    0    0    0
     0    0    0    0    0    0    0    0    0    0    0    0    0    0
     0    0    0    0    0    0    0    0    0    0    0    0    0    0
     0    0    0    0]
 [   0    0    0    0    0    0    0    0    0    0    0    0    0    0
     0    0    0    0    0    0    0    0    0    0    0    0    0    0
     0    0    0    0    0    0    0    0    0    0    0    0    0    0
     0    0    0    0    0    0    0    0    0    0    0    0    0    0
     0    0    0    0]
 [   0    0    0    0    0    0    0    0    0    0    0    0    0    0
     0    0    0    0    0    0    0    0    0    0    0    0    0    0
     0    0    0    0    0    0    0    0    0    0    0    0    0    0
     0    0    0    0    0    0    0    0    0    0    0    0    0    0
     0    0    0    0]
 [   0    0    0    0    0    0    0    0    0    0    0    0    0    0
     0    0    0    0    0    0    0    0    0    0    0    0    0    0
     0    0    0    0    0    0    0    0    0    0    0    0    0    0
     0    0    0    0    0    0    0    0    0    0    0    0    0    0
     0    0    0    0]
 [   0    0    0    0    0    0    0    0    0    0    0    0    0    0
     0    0    0    0    0    0    0    0    0    0    0    0    0    0
     0    0    0    0    0    0    0    0    0    0    0    0    0    0
     0    0    0    0    0    0    0    0    0    0    0    0    0    0
     0    0    0    0]
 [   0    0    0    0    0    0    0    0    0    0    0    0    0    0
     0    0    0    0    0    0    0    0    0    0    0    0    0    0
     0    0    0    0    0    0    0    0    0    0    0    0    0    0
     0    0    0    0    0    0    0    0    0    0    0    0    0    0
     0    0    0    0]
 [   0    0    0    0    0    0    0    0    0    0    0    0    0    0
     0    0    0    0    0    0    0    0    0    0    0    0    0    0
     0    0    0    0    0    0    0    0    0    0    0    0    0    0
     0    0    0    0    0    0    0    0    0    0    0    0    0    0
     0    0    0    0]
 [   0    0    0    0    0    0    0    0    0    0    0    0    0    0
     0    0    0    0    0    0    0    0    0    0    0    0    0    0
     0    0    0    0    0    0    0    0    0    0    0    0    0    0
     0    0    0    0    0    0    0    0    0    0    0    0    0    0
     0    0    0    0]]
69610

sum:  14620  bytes
connection will be made:  1
----iter:  0 -----
-----------------copy canvas-------------
[[255 255 255 255 255 255 255 255 255 255 255 255 255 255 255 255 255 255
  255 255 255 255 255 255 255 255 255 255 255 255 255 255 255 255 255 255
  255 255 255 255 255 255 255 255 255 255 255 255 255 255 255 255 255 255
  255 255 255 255 255 255]
 [255 255 255 255 255 255 255 255 255 255 255 255 255 255 255 255 255 255
  255 255 255 255 255 255 255 255 255 255 255 255 255 255 255 255 255 255
  255 255 255 255 255 255 255 255 255 255 255 255 255 255 255 255 255 255
  255 255 255 255 255 255]
 [255 255 255 255 255 255 255 255 255 255 255 255 255 255 255 255 255 255
  255 255 255 255 255 255 255 255 255 255 255 255 255 255 255 255 255 255
  255 255 255 255 255 255 255 255 255 255 255 255 255 255 255 255 255 255
  255 255 255 255 255 255]
 [255 255 255 255 255 255 255 255 255 255 255 255 255 255 255 255 255 255
  255 255 255 255 255 255 255 255 255 255 255 255 255 255 255 255 255 255
  255 255 255 255 255 255 255 255 255 255 255 255 255 255 255 255 255 255
  255 255 255 255 255 255]
 [255 255 255 255 255 255 255 255 255 255 255 255 255 255 255 255 255 255
  255 255 255 255 255 255 255 255 255 255 255 255 255 255 255 255 255 255
  255 255 255 255 255 255 255 255 255 255 255 255 255 255 255 255 255 255
  255 255 255 255 255 255]
 [255 255 255 255 255 255 255 255 255 255 255 255 255 255 255 255 255 255
  255 255 255 255 255 255 255 255 255 255 255 255 255 255 255 255 255 255
  255 255 255 255 255 255 255 255 255 255 255 255 255 255 255 255 255 255
  255 255 255 255 255 255]
 [255 255 255 255 255 255 255 255 255 255 255 255 255 255 255 255 255 255
  255 255 255 255 255 255 255 255 255 255 255 255 255 255 255 255 255 255
  255 255 255 255 255 255 255 255 255 255 255 255 255 255 255 255 255 255
  255 255 255 255 255 255]
 [255 255 255 255 255 255 255 255 255 255 255 255 255 255 255 255 255 255
  255 255 255 255 255 255 255 255 255 255 255 255 255 255 255 255 255 255
  255 255 255 255 255 255 255 255 255 255 255 255 255 255 255 255 255 255
  255 255 255 255 255 255]
 [255 255 255 255 255 255 255 255 255 255 255 255 255 255 255 255 255 255
  255 255 255 255 255 255 255 255 255 255 255 255 255 255 255 255 255 255
  255 255 255 255 255 255 255 255 255 255 255 255 255 255 255 255 255 255
  255 255 255 255 255 255]
 [255 255 255 255 255 255 255 255 255 255 255 255 255 255 255 255 255 255
  255 255 255 255 255 255 255 255 255 255 255 255 255 255 255 255 255 255
  255 255 255 255 255 255 255 255 255 255 255 255 255 255 255 255 255 255
  255 255 255 255 255 255]
 [255 255 255 255 255 255 255 255 255 255 255 255 255 255 255 255 255 255
  255 255 255 255 255 255 255 255 255 255 255 255 255 255 255 255 255 255
  255 255 255 255 255 255 255 255 255 255 255 255 255 255 255 255 255 255
  255 255 255 255 255 255]
 [255 255 255 255 255 255 255 255 255 255 255 255 255 255 255 255 255 255
  255 255 255 255 255 255 255 255 255 255 255 255 255 255 255 255 255 255
  255 255 255 255 255 255 255 255 255 255 255 255 255 255 255 255 255 255
  255 255 255 255 255 255]
 [255 255 255 255 255 255 255 255 255 255 255 255 255 255 255 255 255 255
  255 255 255 255 255 255 255 255 255 255 255 255 255 255 255 255 255 255
  255 255 255 255 255 255 255 255 255 255 255 255 255 255 255 255 255 255
  255 255 255 255 255 255]
 [255 255 255 255 255 255 255 255 255 255 255 255 255 255 255 255 255 255
  255 255 255 255 255 255 255 255 255 255 255 255 255 255 255 255 255 255
  255 255 255 255 255 255 255 255 255 255 255 255 255 255 255 255 255 255
  255 255 255 255 255 255]
 [255 255 255 255 255 255 255 255 255 255 255 255 255 255 255 255 255 255
  255 255 255 255 255 255 255 255 255 255 255 255 255 255 255 255 255 255
  255 255 255 255 255 255 255 255 255 255 255 255 255 255 255 255 255 255
  255 255 255 255 255 255]
 [255 255 255 255 255 255 255 255 255 255 255 255 255 255 255 255 255 255
  255 255 255 255 255 255 255 255 255 255 255 255 255 255 255 255 255 255
  255 255 255 255 255 255 255 255 255 255 255 255 255 255 255 255 255 255
  255 255 255 255 255 255]
 [255 255 255 255 255 255 255 255 255 255 255 255 255 255 255 255 255 255
  255 255 255 255 255 255 255 255 255 255 255 255 255 255 255 255 255 255
  255 255 255 255 255 255 255 255 255 255 255 255 255 255 255 255 255 255
  255 255 255 255 255 255]
 [255 255 255 255 255 255 255 255 255 255 255 255 255 255 255 255 255 255
  255 255 255 255 255 255 255 255 255 255 255 255 255 255 255 255 255 255
  255 255 255 255 255 255 255 255 255 255 255 255 255 255 255 255 255 255
  255 255 255 255 255 255]
 [255 255 255 255 255 255 255 255 255 255 255 255 255 255 255 255 255 255
  255 255 255 255 255 255 255 255 255 255 255 255 255 255 255 255 255 255
  255 255 255 255 255 255 255 255 255 255 255 255 255 255 255 255 255 255
  255 255 255 255 255 255]
 [255 255 255 255 255 255 255 255 255 255 255 255 255 255 255 255 255 255
  255 255 255 255 255 255 255 255 255 255 255 255 255 255 255 255 255 255
  255 255 255 255 255 255 255 255 255 255 255 255 255 255 255 255 255 255
  255 255 255 255 255 255]
 [255 255 255 255 255 255 255 255 255 255 255 255 255 255 255 255 255 255
  255 255 255 255 255 255 255 255 255 255 255 255 255 255 255 255 255 255
  255 255 255 255 255 255 255 255 255 255 255 255 255 255 255 255 255 255
  255 255 255 255 255 255]
 [255 255 255 255 255 255 255 255 255 255 255 255 255 255 255 255 255 255
  255 255 255 255 255 255 255 255 255 255 255 255 255 255 255 255 255 255
  255 255 255 255 255 255 255 255 255 255 255 255 255 255 255 255 255 255
  255 255 255 255 255 255]
 [255 255 255 255 255 255 255 255 255 255 255 255 255 255 255 255 255 255
  255 255 255 255 255 255 255 255 255 255 255 255 255 255 255 255 255 255
  255 255 255 255 255 255 255 255 255 255 255 255 255 255 255 255 255 255
  255 255 255 255 255 255]
 [255 255 255 255 255 255 255 255 255 255 255 255 255 255 255 255 255 255
  255 255 255 255 255 255 255 255 255 255 255 255 255 255 255 255 255 255
  255 255 255 255 255 255 255 255 255 255 255 255 255 255 255 255 255 255
  255 255 255 255 255 255]
 [255 255 255 255 255 255 255 255 255 255 255 255 255 255 255 255 255 255
  255 255 255 255 255 255 255 255 255 255 255 255 255 255 255 255 255 255
  255 255 255 255 255 255 255 255 255 255 255 255 255 255 255 255 255 255
  255 255 255 255 255 255]
 [255 255 255 255 255 255 255 255 255 255 255 255 255 255 255 255 255 255
  255 255 255 255 255 255 255 255 255 255 255 255 255 255 255 255 255 255
  255 255 255 255 255 255 255 255 255 255 255 255 255 255 255 255 255 255
  255 255 255 255 255 255]
 [255 255 255 255 255 255 255 255 255 255 255 255 255 255 255 255 255 255
  255 255 255 255 255 255 255 255 255 255 255 255 255 255 255 255 255 255
  255 255 255 255 255 255 255 255 255 255 255 255 255 255 255 255 255 255
  255 255 255 255 255 255]
 [255 255 255 255 255 255 255 255 255 255 255 255 255 255 255 255 255 255
  255 255 255 255 255 255 255 255 255 255 255 255 255 255 255 255 255 255
  255 255 255 255 255 255 255 255 255 255 255 255 255 255 255 255 255 255
  255 255 255 255 255 255]
 [255 255 255 255 255 255 255 255 255 255 255 255 255 255 255 255 255 255
  255 255 255 255 255 255 255 255 255 255 255 255 255 255 255 255 255 255
  255 255 255 255 255 255 255 255 255 255 255 255 255 255 255 255 255 255
  255 255 255 255 255 255]
 [255 255 255 255 255 255 255 255 255 255 255 255 255 255 255 255 255 255
  255 255 255 255 255 255 255 255 255 255 255 255 255 255 255 255 255 255
  255 255 255 255 255 255 255 255 255 255 255 255 255 255 255 255 255 255
  255 255 255 255 255 255]
 [255 255 255 255 255 255 255 255 255 255 255 255 255 255 255 255 255 255
  255 255 255 255 255 255 255 255 255 255 255 255 255 255 255 255 255 255
  255 255 255 255 255 255 255 255 255 255 255 255 255 255 255 255 255 255
  255 255 255 255 255   0]
 [255 255 255 255 255 255 255 255 255 255 255 255 255 255 255 255 255 255
  255 255 255 255 255 255 255 255 255 255 255 255 255 255 255 255 255 255
  255 255 255 255 255 255 255 255 255 255 255 255 255 255 255 255 255 255
  255 255 255 255 165  89]
 [255 255 255 255 255 255 255 255 255 255 255 255 255 255 255 255 255 255
  255 255 255 255 255 255 255 255 255 255 255 255 255 255 255 255 255 255
  255 255 255 255 255 255 255 255 255 255 255 255 255 255 255 255 255 255
  255 255 255 255  75 179]
 [255 255 255 255 255 255 255 255 255 255 255 255 255 255 255 255 255 255
  255 255 255 255 255 255 255 255 255 255 255 255 255 255 255 255 255 255
  255 255 255 255 255 255 255 255 255 255 255 255 255 255 255 255 255 255
  255 255 255 240  14 255]
 [255 255 255 255 255 255 255 255 255 255 255 255 255 255 255 255 255 255
  255 255 255 255 255 255 255 255 255 255 255 255 255 255 255 255 255 255
  255 255 255 255 255 255 255 255 255 255 255 255 255 255 255 255 255 255
  255 255 255 150 104 255]
 [255 255 255 255 255 255 255 255 255 255 255 255 255 255 255 255 255 255
  255 255 255 255 255 255 255 255 255 255 255 255 255 255 255 255 255 255
  255 255 255 255 255 255 255 255 255 255 255 255 255 255 255 255 255 255
  255 255 255  60 194 255]
 [255 255 255 255 255 255 255 255 255 255 255 255 255 255 255 255 255 255
  255 255 255 255 255 255 255 255 255 255 255 255 255 255 255 255 255 255
  255 255 255 255 255 255 255 255 255 255 255 255 255 255 255 255 255 255
  255 255 225  29 255 255]
 [255 255 255 255 255 255 255 255 255 255 255 255 255 255 255 255 255 255
  255 255 255 255 255 255 255 255 255 255 255 255 255 255 255 255 255 255
  255 255 255 255 255 255 255 255 255 255 255 255 255 255 255 255 255 255
  255 255 135 119 255 255]
 [255 255 255 255 255 255 255 255 255 255 255 255 255 255 255 255 255 255
  255 255 255 255 255 255 255 255 255 255 255 255 255 255 255 255 255 255
  255 255 255 255 255 255 255 255 255 255 255 255 255 255 255 255 255 255
  255 255  45 209 255 255]
 [255 255 255 255 255 255 255 255 255 255 255 255 255 255 255 255 255 255
  255 255 255 255 255 255 255 255 255 255 255 255 255 255 255 255 255 255
  255 255 255 255 255 255 255 255 255 255 255 255 255 255 255 255 255 255
  255 210  44 255 255 255]
 [255 255 255 255 255 255 255 255 255 255 255 255 255 255 255 255 255 255
  255 255 255 255 255 255 255 255 255 255 255 255 255 255 255 255 255 255
  255 255 255 255 255 255 255 255 255 255 255 255 255 255 255 255 255 255
  255 120 134 255 255 255]
 [255 255 255 255 255 255 255 255 255 255 255 255 255 255 255 255 255 255
  255 255 255 255 255 255 255 255 255 255 255 255 255 255 255 255 255 255
  255 255 255 255 255 255 255 255 255 255 255 255 255 255 255 255 255 255
  255  30 224 255 255 255]
 [255 255 255 255 255 255 255 255 255 255 255 255 255 255 255 255 255 255
  255 255 255 255 255 255 255 255 255 255 255 255 255 255 255 255 255 255
  255 255 255 255 255 255 255 255 255 255 255 255 255 255 255 255 255 255
  195  59 255 255 255 255]
 [255 255 255 255 255 255 255 255 255 255 255 255 255 255 255 255 255 255
  255 255 255 255 255 255 255 255 255 255 255 255 255 255 255 255 255 255
  255 255 255 255 255 255 255 255 255 255 255 255 255 255 255 255 255 255
  105 149 255 255 255 255]
 [255 255 255 255 255 255 255 255 255 255 255 255 255 255 255 255 255 255
  255 255 255 255 255 255 255 255 255 255 255 255 255 255 255 255 255 255
  255 255 255 255 255 255 255 255 255 255 255 255 255 255 255 255 255 255
   15 239 255 255 255 255]
 [255 255 255 255 255 255 255 255 255 255 255 255 255 255 255 255 255 255
  255 255 255 255 255 255 255 255 255 255 255 255 255 255 255 255 255 255
  255 255 255 255 255 255 255 255 255 255 255 255 255 255 255 255 255 180
   74 255 255 255 255 255]
 [255 255 255 255 255 255 255 255 255 255 255 255 255 255 255 255 255 255
  255 255 255 255 255 255 255 255 255 255 255 255 255 255 255 255 255 255
  255 255 255 255 255 255 255 255 255 255 255 255 255 255 255 255 255  90
  164 255 255 255 255 255]
 [255 255 255 255 255 255 255 255 255 255 255 255 255 255 255 255 255 255
  255 255 255 255 255 255 255 255 255 255 255 255 255 255 255 255 255 255
  255 255 255 255 255 255 255 255 255 255 255 255 255 255 255 255 255   0
  255 255 255 255 255 255]
 [255 255 255 255 255 255 255 255 255 255 255 255 255 255 255 255 255 255
  255 255 255 255 255 255 255 255 255 255 255 255 255 255 255 255 255 255
  255 255 255 255 255 255 255 255 255 255 255 255 255 255 255 255 255 255
  255 255 255 255 255 255]
 [255 255 255 255 255 255 255 255 255 255 255 255 255 255 255 255 255 255
  255 255 255 255 255 255 255 255 255 255 255 255 255 255 255 255 255 255
  255 255 255 255 255 255 255 255 255 255 255 255 255 255 255 255 255 255
  255 255 255 255 255 255]
 [255 255 255 255 255 255 255 255 255 255 255 255 255 255 255 255 255 255
  255 255 255 255 255 255 255 255 255 255 255 255 255 255 255 255 255 255
  255 255 255 255 255 255 255 255 255 255 255 255 255 255 255 255 255 255
  255 255 255 255 255 255]
 [255 255 255 255 255 255 255 255 255 255 255 255 255 255 255 255 255 255
  255 255 255 255 255 255 255 255 255 255 255 255 255 255 255 255 255 255
  255 255 255 255 255 255 255 255 255 255 255 255 255 255 255 255 255 255
  255 255 255 255 255 255]
 [255 255 255 255 255 255 255 255 255 255 255 255 255 255 255 255 255 255
  255 255 255 255 255 255 255 255 255 255 255 255 255 255 255 255 255 255
  255 255 255 255 255 255 255 255 255 255 255 255 255 255 255 255 255 255
  255 255 255 255 255 255]
 [255 255 255 255 255 255 255 255 255 255 255 255 255 255 255 255 255 255
  255 255 255 255 255 255 255 255 255 255 255 255 255 255 255 255 255 255
  255 255 255 255 255 255 255 255 255 255 255 255 255 255 255 255 255 255
  255 255 255 255 255 255]
 [255 255 255 255 255 255 255 255 255 255 255 255 255 255 255 255 255 255
  255 255 255 255 255 255 255 255 255 255 255 255 255 255 255 255 255 255
  255 255 255 255 255 255 255 255 255 255 255 255 255 255 255 255 255 255
  255 255 255 255 255 255]
 [255 255 255 255 255 255 255 255 255 255 255 255 255 255 255 255 255 255
  255 255 255 255 255 255 255 255 255 255 255 255 255 255 255 255 255 255
  255 255 255 255 255 255 255 255 255 255 255 255 255 255 255 255 255 255
  255 255 255 255 255 255]
 [255 255 255 255 255 255 255 255 255 255 255 255 255 255 255 255 255 255
  255 255 255 255 255 255 255 255 255 255 255 255 255 255 255 255 255 255
  255 255 255 255 255 255 255 255 255 255 255 255 255 255 255 255 255 255
  255 255 255 255 255 255]
 [255 255 255 255 255 255 255 255 255 255 255 255 255 255 255 255 255 255
  255 255 255 255 255 255 255 255 255 255 255 255 255 255 255 255 255 255
  255 255 255 255 255 255 255 255 255 255 255 255 255 255 255 255 255 255
  255 255 255 255 255 255]
 [255 255 255 255 255 255 255 255 255 255 255 255 255 255 255 255 255 255
  255 255 255 255 255 255 255 255 255 255 255 255 255 255 255 255 255 255
  255 255 255 255 255 255 255 255 255 255 255 255 255 255 255 255 255 255
  255 255 255 255 255 255]
 [255 255 255 255 255 255 255 255 255 255 255 255 255 255 255 255 255 255
  255 255 255 255 255 255 255 255 255 255 255 255 255 255 255 255 255 255
  255 255 255 255 255 255 255 255 255 255 255 255 255 255 255 255 255 255
  255 255 255 255 255 255]]
---------------------err-------------
[[   0    0    0    0    0    0    0    0    0    0    0    0    0    0
     0    0    0    0    0    0    0    0    0    0    0    0    0    0
     0    0    0    0    0    0    0    0    0    0    0    0    0    0
     0    0    0    0    0    0    0    0    0    0    0    0    0    0
     0    0    0    0]
 [   0    0    0    0    0    0    0    0    0    0    0    0    0    0
     0    0    0    0    0    0    0    0    0    0    0    0    0    0
     0    0    0    0    0    0    0    0    0    0    0    0    0    0
     0    0    0    0    0    0    0    0    0    0    0    0    0    0
     0    0    0    0]
 [   0    0    0    0    0    0    0    0    0    0    0    0    0    0
     0    0    0    0    0    0    0    0    0    0    0    0    0    0
     0    0    0    0    0    0    0    0    0    0    0    0    0    0
     0    0    0    0    0    0    0    0    0    0    0    0    0    0
     0    0    0    0]
 [   0    0    0    0    0    0    0    0    0    0    0    0    0    0
     0    0    0    0    0    0    0    0    0    0    0    0    0    0
     0    0    0    0    0    0    0    0    0    0    0    0    0    0
     0    0    0    0    0    0    0    0    0    0    0    0    0    0
     0    0    0    0]
 [   0    0    0    0    0    0    0    0    0    0    0    0    0    0
     0    0    0    0    0    0    0    0    0    0    0    0    0    0
     0    0    0    0    0    0    0    0    0    0    0    0    0    0
     0    0    0    0    0    0    0    0    0    0    0    0    0    0
     0    0    0    0]
 [   0    0    0    0    0    0    0    0    0    0    0    0    0    0
     0    0    0    0    0    0    0    0    0    0    0    0    0    0
     0    0    0    0    0    0    0    0    0    0    0    0    0    0
     0    0    0    0    0    0    0    0    0    0    0    0    0    0
     0    0    0    0]
 [   0    0    0    0    0    0    0    0    0    0    0    0    0    0
     0    0    0    0    0    0    0    0    0    0    0    0    0    0
     0    0    0    0    0    0    0    0    0    0    0    0    0    0
     0    0    0    0    0    0    0    0    0    0    0    0    0    0
     0    0    0    0]
 [   0    0    0    0    0    0    0    0    0    0    0    0    0    0
     0    0    0    0    0    0    0    0    0    0    0    0    0    0
     0    0    0    0    0    0    0    0    0    0    0    0    0    0
     0    0    0    0    0    0    0    0    0    0    0    0    0    0
     0    0    0    0]
 [   0    0    0    0    0    0    0    0    0    0    0    0    0    0
     0    0    0    0    0    0    0    0    0    0    0    0    0    0
     0    0    0    0    0    0    0    0    0    0    0    0    0    0
     0    0    0    0    0    0    0    0    0    0    0    0    0    0
     0    0    0    0]
 [   0    0    0    0    0    0    0    0    0    0    0    0    0    0
     0    0    0    0    0    0    0    0    0    0    0    0    0    0
     0    0    0    0    0    0    0    0    0    0    0    0    0    0
     0    0    0    0    0    0    0    0    0    0    0    0    0    0
     0    0    0    0]
 [   0    0    0    0    0    0    0    0    0    0    0    0    0    0
     0    0    0    0    0    0    0    0    0    0    0    0    0    0
     0    0    0    0    0    0    0    0    0    0    0    0    0    0
     0    0    0    0    0    0    0    0    0    0    0    0    0    0
     0    0    0    0]
 [   0    0    0    0    0    0    0    0    0    0    0    0    0    0
     0    0    0    0    0    0    0    0    0    0    0    0    0    0
     0    0    0    0    0    0    0    0    0    0    0    0    0    0
     0    0    0    0    0    0    0    0    0    0    0    0    0    0
     0    0    0    0]
 [   0    0    0    0    0    0    0    0    0    0    0    0    0    0
     0    0    0    0    0    0    0    0    0    0    0    0    0    0
     0    0    0    0    0    0    0    0    0    0    0    0    0    0
     0    0    0    0    0    0    0    0    0    0    0    0    0    0
     0    0    0    0]
 [   0    0    0    0    0    0    0    0    0    0    0    0    0    0
     0    0    0    0    0    0    0    0    0    0    0    0    0    0
     0    0    0    0    0    0    0    0    0    0    0    0    0    0
     0    0    0    0    0    0    0    0    0    0    0    0    0    0
     0    0    0    0]
 [   0    0    0    0    0    0    0    0    0    0    0    0    0    0
     0    0    0    0    0    0    0    0    0    0    0    0    0    0
     0    0    0    0    0    0    0    0    0    0    0    0    0    0
     0    0    0    0    0    0    0    0    0    0    0    0    0    0
     0    0    0    0]
 [   0    0    0    0    0    0    0    0    0    0    0    0    0    0
     0    0    0    0    0    0    0    0    0    0    0    0    0    0
     0    0    0    0    0    0    0    0    0    0    0    0    0    0
     0    0    0    0    0    0    0    0    0    0    0    0    0    0
     0    0    0    0]
 [   0    0    0    0    0    0    0    0    0    0    0    0    0    0
     0    0    0    0    0    0    0    0    0    0    0    0    0    0
     0    0    0    0    0    0    0    0    0    0    0    0    0    0
     0    0    0    0    0    0    0    0    0    0    0   -1   -2   -3
     0    0    0    0]
 [   0    0    0    0    0    0    0    0    0    0    0    0    0    0
     0    0    0    0    0    0    0    0    0    0    0    0    0    0
     0    0    0    0    0    0    0    0    0    0    0    0    0    0
     0    0    0   -1   -2   -3   -4   -4   -3   -2    0    0    0    0
     0    0    0    0]
 [   0    0    0    0    0    0    0    0    0    0    0    0    0    0
     0    0    0    0    0    0    0    0    0    0    0    0    0    0
     0    0    0    0    0    0    0    0    0    0    0    0   -1   -2
    -3   -4   -3    0    0    0    0    0    0    0    0  -13  -36  -62
   -92    0    0    0]
 [   0    0    0    0    0    0    0    0    0    0    0    0    0    0
     0    0    0    0    0    0    0    0    0    0    0    0    0    0
     0    0    0    0    0    0    0   -1   -2   -4   -4   -3    0    0
     0    0    0   -7  -36  -72 -113 -153 -177 -197 -216 -234 -248 -255
  -255 -255    0    0]
 [   0    0    0    0    0    0    0    0    0    0    0    0    0    0
     0    0    0    0    0    0    0    0    0    0    0    0    0    0
     0    0   -1   -3   -4   -4   -1    0    0    0    0    0   -2  -32
   -76 -127 -179 -222 -251 -255 -255 -255 -255 -249 -225 -202 -219 -252
  -251 -250    0    0]
 [   0    0    0    0    0    0    0    0    0    0    0    0    0    0
     0    0    0    0    0    0    0    0    0   -1   -3   -4   -4   -4
    -3   -1    0    0    0    0    0  -17  -51  -92 -138 -182 -222 -252
  -255 -255 -255 -255 -255 -253 -251 -251 -248 -244 -242 -246 -252 -251
  -253 -255 -255    0]
 [   0    0    0    0    0    0    0    0    0    0    0    0    0    0
     0    0    0    0    0   -1   -3   -4   -2    0    0    0    0    0
     0    0  -12  -54 -104 -159 -210 -245 -255 -255 -255 -252 -235 -234
  -247 -251 -252 -253 -254 -254 -252 -252 -255 -255 -255 -255 -255 -255
  -255 -241 -194    0]
 [   0    0    0    0    0    0    0    0    0    0    0    0    0    0
     0    0   -1   -4    0    0    0    0    0  -15  -55  -94 -117 -144
  -187 -213 -242 -255 -255 -245 -219 -206 -201 -203 -210 -221 -227 -242
  -254 -254 -253 -252 -252 -255 -255 -255 -255 -241 -220 -192 -160 -125
   -75  -24    0    0]
 [   0    0    0    0    0    0    0    0    0    0    0    0    0    0
     0    0    0    0    0  -28  -75 -118 -175 -240 -255 -255 -255 -255
  -237 -208 -192 -185 -185 -192 -208 -232 -247 -255 -255 -255 -255 -254
  -252 -255 -255 -255 -255 -238 -178 -102  -44  -23   -5    0    0    0
     0    0   -1    0]
 [   0    0    0    0    0    0    0    0    0    0    0    0    0    0
    -1   -2  -39 -150 -204 -232 -255 -255 -255 -233 -178 -146 -131 -137
  -142 -176 -223 -247 -255 -255 -255 -255 -253 -252 -255 -255 -255 -255
  -255 -253 -223 -164  -87  -24    0    0    0    0    0   -2   -4   -4
    -3   -1    0    0]
 [   0    0    0    0    0    0    0    0    0    0    0    0    0   -1
    -7    0 -124 -198 -190 -222 -189 -148 -131 -133 -159 -200 -230 -255
  -255 -255 -255 -252 -247 -253 -255 -255 -255 -255 -249 -220 -180 -132
   -84  -41   -8    0    0    0   -2   -4   -2   -1   -1    0    0    0
     0    0    0    0]
 [   0    0    0    0    0    0    0    0    0    0   -2   -4   -3    0
     0  -18  -92 -181 -219 -170 -161 -200 -240 -255 -255 -255 -255 -251
  -251 -255 -255 -255 -255 -255 -228 -184 -131  -78  -33   -6    0    0
     0    0    0   -3   -3   -1    0    0    0    0    0    0    0    0
     0    0    0    0]
 [   0    0    0    0    0   -1   -2   -3   -4   -1    0    0    0  -25
  -125 -229 -255 -255 -249 -254 -255 -255 -255 -253 -255 -255 -255 -255
  -255 -239 -200 -151  -99  -49  -11    0    0    0    0    0   -2   -4
    -3   -2   -1    0    0    0    0    0    0    0    0    0    0    0
     0    0    0    0]
 [   0   -4   -4   -3   -1    0    0    0    0    0  -30 -112 -178 -236
  -255 -255 -248 -251 -255 -255 -255 -255 -255 -255 -216 -184 -151 -111
   -62  -22    0    0    0    0    0   -2   -4   -3   -2   -1    0    0
     0    0    0    0    0    0    0    0    0    0    0    0    0    0
     0    0    0    0]
 [   0    0    0    0    0   -7  -35  -81 -126 -198 -243 -255 -255 -255
  -255 -255 -255 -255 -240 -219 -208 -181 -113  -47   -3    0    0    0
     0    0   -1   -4   -4   -2   -1    0    0    0    0    0    0    0
     0    0    0    0    0    0    0    0    0    0    0    0    0    0
     0    0    0  255]
 [   0 -105 -131 -168 -203 -223 -248 -255 -255 -255 -255 -255 -255 -254
  -219 -179 -127  -70  -24   -5    0    0    0    0    0   -2   -4   -4
    -3   -1    0    0    0    0    0    0    0    0    0    0    0    0
     0    0    0    0    0    0    0    0    0    0    0    0    0    0
     0    0   90  166]
 [   0 -249 -255 -255 -255 -255 -255 -255 -255 -255 -238 -200 -131  -49
    -6    0    0    0    0    0    0   -2   -4   -2   -1    0    0    0
     0    0    0    0    0    0    0    0    0    0    0    0    0    0
     0    0    0    0    0    0    0    0    0    0    0    0    0    0
     0    0  180   76]
 [   0 -219 -249 -255 -255 -255 -234 -189 -131  -68  -22    0    0    0
     0   -2   -4   -3   -1   -1    0    0    0    0    0    0    0    0
     0    0    0    0    0    0    0    0    0    0    0    0    0    0
     0    0    0    0    0    0    0    0    0    0    0    0    0    0
     0   15  241    0]
 [   0 -255 -255 -218 -156  -84  -19    0    0    0    0   -1   -4   -2
    -1    0    0    0    0    0    0    0    0    0    0    0    0    0
     0    0    0    0    0    0    0    0    0    0    0    0    0    0
     0    0    0    0    0    0    0    0    0    0    0    0    0    0
     0  105  151    0]
 [   0  -74  -47   -6    0    0    0   -2   -4   -3   -1    0    0    0
     0    0    0    0    0    0    0    0    0    0    0    0    0    0
     0    0    0    0    0    0    0    0    0    0    0    0    0    0
     0    0    0    0    0    0    0    0    0    0    0    0    0    0
     0  195   61    0]
 [   0    0    0    0   -3   -3   -1    0    0    0    0    0    0    0
     0    0    0    0    0    0    0    0    0    0    0    0    0    0
     0    0    0    0    0    0    0    0    0    0    0    0    0    0
     0    0    0    0    0    0    0    0    0    0    0    0    0    0
    30  226    0    0]
 [   0    0   -2   -1    0    0    0    0    0    0    0    0    0    0
     0    0    0    0    0    0    0    0    0    0    0    0    0    0
     0    0    0    0    0    0    0    0    0    0    0    0    0    0
     0    0    0    0    0    0    0    0    0    0    0    0    0    0
   120  136    0    0]
 [   0    0    0    0    0    0    0    0    0    0    0    0    0    0
     0    0    0    0    0    0    0    0    0    0    0    0    0    0
     0    0    0    0    0    0    0    0    0    0    0    0    0    0
     0    0    0    0    0    0    0    0    0    0    0    0    0    0
   210   46    0    0]
 [   0    0    0    0    0    0    0    0    0    0    0    0    0    0
     0    0    0    0    0    0    0    0    0    0    0    0    0    0
     0    0    0    0    0    0    0    0    0    0    0    0    0    0
     0    0    0    0    0    0    0    0    0    0    0    0    0   45
   211    0    0    0]
 [   0    0    0    0    0    0    0    0    0    0    0    0    0    0
     0    0    0    0    0    0    0    0    0    0    0    0    0    0
     0    0    0    0    0    0    0    0    0    0    0    0    0    0
     0    0    0    0    0    0    0    0    0    0    0    0    0  135
   121    0    0    0]
 [   0    0    0    0    0    0    0    0    0    0    0    0    0    0
     0    0    0    0    0    0    0    0    0    0    0    0    0    0
     0    0    0    0    0    0    0    0    0    0    0    0    0    0
     0    0    0    0    0    0    0    0    0    0    0    0    0  225
    31    0    0    0]
 [   0    0    0    0    0    0    0    0    0    0    0    0    0    0
     0    0    0    0    0    0    0    0    0    0    0    0    0    0
     0    0    0    0    0    0    0    0    0    0    0    0    0    0
     0    0    0    0    0    0    0    0    0    0    0    0   60  196
     0    0    0    0]
 [   0    0    0    0    0    0    0    0    0    0    0    0    0    0
     0    0    0    0    0    0    0    0    0    0    0    0    0    0
     0    0    0    0    0    0    0    0    0    0    0    0    0    0
     0    0    0    0    0    0    0    0    0    0    0    0  150  106
     0    0    0    0]
 [   0    0    0    0    0    0    0    0    0    0    0    0    0    0
     0    0    0    0    0    0    0    0    0    0    0    0    0    0
     0    0    0    0    0    0    0    0    0    0    0    0    0    0
     0    0    0    0    0    0    0    0    0    0    0    0  240   16
     0    0    0    0]
 [   0    0    0    0    0    0    0    0    0    0    0    0    0    0
     0    0    0    0    0    0    0    0    0    0    0    0    0    0
     0    0    0    0    0    0    0    0    0    0    0    0    0    0
     0    0    0    0    0    0    0    0    0    0    0   75  181    0
     0    0    0    0]
 [   0    0    0    0    0    0    0    0    0    0    0    0    0    0
     0    0    0    0    0    0    0    0    0    0    0    0    0    0
     0    0    0    0    0    0    0    0    0    0    0    0    0    0
     0    0    0    0    0    0    0    0    0    0    0  165   91    0
     0    0    0    0]
 [   0    0    0    0    0    0    0    0    0    0    0    0    0    0
     0    0    0    0    0    0    0    0    0    0    0    0    0    0
     0    0    0    0    0    0    0    0    0    0    0    0    0    0
     0    0    0    0    0    0    0    0    0    0    0  255    0    0
     0    0    0    0]
 [   0    0    0    0    0    0    0    0    0    0    0    0    0    0
     0    0    0    0    0    0    0    0    0    0    0    0    0    0
     0    0    0    0    0    0    0    0    0    0    0    0    0    0
     0    0    0    0    0    0    0    0    0    0    0    0    0    0
     0    0    0    0]
 [   0    0    0    0    0    0    0    0    0    0    0    0    0    0
     0    0    0    0    0    0    0    0    0    0    0    0    0    0
     0    0    0    0    0    0    0    0    0    0    0    0    0    0
     0    0    0    0    0    0    0    0    0    0    0    0    0    0
     0    0    0    0]
 [   0    0    0    0    0    0    0    0    0    0    0    0    0    0
     0    0    0    0    0    0    0    0    0    0    0    0    0    0
     0    0    0    0    0    0    0    0    0    0    0    0    0    0
     0    0    0    0    0    0    0    0    0    0    0    0    0    0
     0    0    0    0]
 [   0    0    0    0    0    0    0    0    0    0    0    0    0    0
     0    0    0    0    0    0    0    0    0    0    0    0    0    0
     0    0    0    0    0    0    0    0    0    0    0    0    0    0
     0    0    0    0    0    0    0    0    0    0    0    0    0    0
     0    0    0    0]
 [   0    0    0    0    0    0    0    0    0    0    0    0    0    0
     0    0    0    0    0    0    0    0    0    0    0    0    0    0
     0    0    0    0    0    0    0    0    0    0    0    0    0    0
     0    0    0    0    0    0    0    0    0    0    0    0    0    0
     0    0    0    0]
 [   0    0    0    0    0    0    0    0    0    0    0    0    0    0
     0    0    0    0    0    0    0    0    0    0    0    0    0    0
     0    0    0    0    0    0    0    0    0    0    0    0    0    0
     0    0    0    0    0    0    0    0    0    0    0    0    0    0
     0    0    0    0]
 [   0    0    0    0    0    0    0    0    0    0    0    0    0    0
     0    0    0    0    0    0    0    0    0    0    0    0    0    0
     0    0    0    0    0    0    0    0    0    0    0    0    0    0
     0    0    0    0    0    0    0    0    0    0    0    0    0    0
     0    0    0    0]
 [   0    0    0    0    0    0    0    0    0    0    0    0    0    0
     0    0    0    0    0    0    0    0    0    0    0    0    0    0
     0    0    0    0    0    0    0    0    0    0    0    0    0    0
     0    0    0    0    0    0    0    0    0    0    0    0    0    0
     0    0    0    0]
 [   0    0    0    0    0    0    0    0    0    0    0    0    0    0
     0    0    0    0    0    0    0    0    0    0    0    0    0    0
     0    0    0    0    0    0    0    0    0    0    0    0    0    0
     0    0    0    0    0    0    0    0    0    0    0    0    0    0
     0    0    0    0]
 [   0    0    0    0    0    0    0    0    0    0    0    0    0    0
     0    0    0    0    0    0    0    0    0    0    0    0    0    0
     0    0    0    0    0    0    0    0    0    0    0    0    0    0
     0    0    0    0    0    0    0    0    0    0    0    0    0    0
     0    0    0    0]
 [   0    0    0    0    0    0    0    0    0    0    0    0    0    0
     0    0    0    0    0    0    0    0    0    0    0    0    0    0
     0    0    0    0    0    0    0    0    0    0    0    0    0    0
     0    0    0    0    0    0    0    0    0    0    0    0    0    0
     0    0    0    0]
 [   0    0    0    0    0    0    0    0    0    0    0    0    0    0
     0    0    0    0    0    0    0    0    0    0    0    0    0    0
     0    0    0    0    0    0    0    0    0    0    0    0    0    0
     0    0    0    0    0    0    0    0    0    0    0    0    0    0
     0    0    0    0]]
		new err:  74216			>  69610
