299 0 0 252 245 233 231 225 264 280 274 272 267 265 223 224 249 246 281 262 263 233 239 284 258 253 290 287 211 202 231 292 221 267 39 37 32 70 46 43 40 77 31 71 74 75 76 41 60 61 62 63 64 65 66 68 49 47 69 33 85 30 78 27 80 39 61 34 35 36 268 218 293 210 288 233 281 259 260 261 240 283 224 290 232 201 215 293 220 0 209 294 214 269 217 172 186 216 284 243 259 226 
100 connections made
230 293 223 291 241 260 224 225 16 218 223 284 233 199 285 53 50 58 59 49 276 279 266 222 11 215 192 272 38 82 26 85 37 90 29 79 70 42 75 45 59 68 34 78 76 32 30 88 26 255 256 24 260 201 294 206 151 149 142 172 151 135 178 185 217 17 239 293 216 3 208 294 204 210 294 198 134 179 235 262 188 109 158 171 125 132 152 171 219 267 278 47 74 30 82 21 247 280 234 237 
200 connections made
287 285 212 293 228 284 213 13 220 7 10 12 14 218 163 126 127 128 157 110 187 171 117 192 120 123 63 33 40 266 231 284 221 298 295 197 135 69 70 296 196 136 150 177 139 68 14 15 212 194 271 39 78 13 2 218 284 291 232 265 263 239 178 123 125 62 5 6 212 270 271 49 106 102 100 98 96 94 91 28 85 31 253 243 281 282 283 293 222 19 216 173 97 182 120 113 111 186 104 161 
300 connections made
169 153 129 70 281 254 28 104 89 298 299 0 1 201 284 236 42 59 112 177 136 142 176 116 114 56 54 52 286 196 270 200 294 295 203 6 223 261 262 40 237 13 95 183 179 111 65 281 225 13 20 215 187 103 51 287 64 295 91 4 5 72 293 294 207 4 195 297 222 30 87 84 81 32 73 109 107 189 120 167 124 173 116 193 214 158 127 162 167 98 20 22 23 25 92 174 113 58 250 251 
400 connections made
181 122 191 274 276 190 273 222 291 292 240 225 289 233 43 96 182 99 19 17 15 219 293 211 16 203 21 299 0 81 23 230 13 217 293 221 32 64 251 284 238 264 233 186 176 103 29 30 86 22 200 212 159 77 162 100 181 133 111 69 67 60 36 227 293 229 267 197 299 0 207 9 220 12 3 93 182 132 70 138 149 146 279 71 40 252 283 244 258 141 177 241 282 148 73 3 196 294 93 11 
500 connections made
79 81 260 56 57 251 62 16 123 190 109 178 236 46 47 59 216 157 131 31 82 83 171 145 277 148 284 235 293 209 297 90 91 6 7 195 16 207 20 125 166 99 123 112 185 234 27 28 29 71 110 87 89 109 295 192 233 169 97 184 105 27 25 297 62 35 253 180 109 298 23 195 9 95 5 206 21 88 299 0 196 273 154 112 178 115 293 225 284 229 44 76 153 295 159 126 165 85 272 243 
600 connections made
290 210 21 201 202 294 199 27 295 78 31 123 175 88 29 132 156 217 16 1 2 108 26 90 102 188 214 293 213 56 119 116 297 93 21 195 28 230 291 151 89 169 118 25 195 36 203 211 286 289 246 244 280 281 263 143 261 283 237 293 224 59 210 16 215 41 201 17 101 186 96 293 205 24 127 71 11 195 1 155 133 251 114 182 109 293 232 11 121 32 43 200 194 31 75 5 195 295 198 130 
700 connections made
128 23 78 37 216 272 225 216 250 66 47 221 11 89 269 270 208 293 159 106 107 183 98 3 80 168 119 194 18 100 91 44 85 83 259 242 243 292 249 250 136 173 178 122 167 84 274 50 214 284 79 293 207 13 195 17 115 250 69 12 64 121 187 194 40 38 136 261 80 292 236 168 83 111 2 221 67 15 242 240 98 30 195 24 215 177 125 164 87 271 233 254 255 281 253 197 294 203 9 163 
800 connections made
89 157 129 243 64 112 182 103 104 283 272 140 268 269 227 286 222 16 212 59 60 252 253 56 206 33 34 63 296 95 221 190 111 156 0 76 221 92 30 124 18 195 26 189 296 26 117 182 130 0 17 206 41 265 88 12 231 293 226 98 228 34 85 170 160 292 111 109 101 159 294 205 35 73 250 291 112 297 159 213 199 44 60 40 114 255 179 254 82 170 220 96 232 284 285 90 8 9 222 220 
900 connections made
63 130 247 192 32 74 272 102 185 99 164 78 233 293 94 20 220 3 213 152 134 132 196 295 107 27 86 31 217 26 128 294 29 195 14 220 284 234 63 178 119 22 219 13 228 95 236 108 190 31 195 22 126 161 101 235 253 283 239 78 205 6 119 263 146 143 284 230 169 45 73 39 62 179 114 290 95 0 92 93 24 87 158 153 294 212 21 191 34 195 15 227 284 237 266 260 281 256 257 142 
1000 connections made
259 137 68 237 238 11 4 77 206 285 215 226 285 147 275 155 221 59 0 78 32 85 39 135 49 171 241 283 284 112 128 160 208 29 229 54 55 53 174 124 177 89 78 293 110 186 201 162 84 253 254 196 297 152 130 89 30 31 32 189 109 294 217 14 1 91 223 188 193 43 195 20 89 5 109 233 180 113 252 46 192 31 206 24 109 1 117 178 197 214 15 136 146 206 16 208 5 225 288 157 
1100 connections made
294 154 270 226 276 103 14 137 254 283 246 101 23 200 25 194 44 140 23 62 206 22 261 96 185 122 175 120 260 181 111 256 81 35 190 47 114 294 282 273 139 45 133 123 166 84 172 238 25 190 40 216 65 266 70 72 73 200 18 207 284 217 286 205 25 111 11 201 109 187 232 8 195 39 29 93 99 187 115 177 59 46 131 242 283 248 81 266 140 27 194 36 37 189 44 70 33 66 101 15 
1200 connections made
220 289 222 284 96 4 208 291 214 286 143 204 40 170 137 249 74 294 103 3 4 131 297 187 100 182 110 243 83 232 81 88 8 221 159 296 148 180 112 153 176 57 51 203 17 86 25 212 299 0 208 77 78 203 25 100 184 109 191 295 200 27 195 10 122 119 24 40 78 25 197 19 206 49 50 170 126 98 188 47 171 52 206 293 234 108 91 264 97 219 23 209 11 9 123 105 187 27 192 71 
1300 connections made
6 94 298 110 271 251 259 233 283 250 198 287 212 19 230 82 80 59 173 125 160 81 297 95 294 211 8 58 243 283 238 93 16 209 61 254 116 153 271 272 95 277 278 143 282 106 182 124 293 161 39 34 186 32 107 3 150 282 82 247 105 262 55 195 42 100 171 62 75 208 249 239 290 217 218 64 195 19 203 144 174 86 159 129 155 2 3 200 24 80 283 245 62 239 111 182 20 1 226 284 
1400 connections made
219 19 136 11 95 15 213 294 220 291 96 244 128 114 115 169 80 202 26 91 16 87 152 2 109 185 296 297 109 244 102 4 212 189 43 44 77 152 298 156 216 96 235 268 278 261 281 257 110 274 221 287 142 48 171 42 27 75 224 284 212 31 191 28 193 31 198 18 78 29 99 163 293 117 175 135 12 109 299 0 86 220 93 295 280 230 299 0 64 293 243 275 109 199 295 190 100 265 96 218 
1500 connections made
76 194 178 113 189 39 83 269 123 173 57 229 105 160 294 162 111 244 82 11 229 272 224 94 279 101 189 41 42 63 205 208 141 138 158 297 43 184 122 179 69 20 192 37 190 119 112 146 173 245 106 228 70 43 256 139 89 90 262 116 184 267 136 63 61 250 80 68 45 137 134 13 223 15 215 48 191 25 95 249 132 299 0 203 31 49 1 130 177 100 268 230 283 255 55 173 128 243 224 295 
1600 connections made
77 262 92 296 197 76 3 105 182 32 188 31 91 8 206 29 194 227 13 23 207 287 209 115 294 98 186 253 134 154 217 15 202 203 83 212 18 82 27 104 106 121 270 210 299 0 297 97 187 32 71 38 202 109 194 197 288 110 180 120 19 204 290 227 64 177 122 174 52 189 46 44 222 277 77 32 24 299 0 195 12 246 89 70 193 179 112 169 132 130 26 93 299 0 147 74 219 220 101 247 
1700 connections made
283 249 260 231 10 216 299 0 77 95 185 103 234 283 251 72 6 207 42 194 23 192 59 195 105 175 235 249 79 30 199 16 204 80 159 171 44 243 244 103 184 110 183 71 42 185 0 227 103 194 69 1 223 96 254 87 4 134 237 299 0 233 131 243 112 160 123 15 71 190 5 101 248 96 219 16 216 294 147 297 99 291 217 97 185 173 133 146 5 91 92 266 280 102 103 180 111 249 85 86 
1800 connections made
12 79 273 102 240 133 201 25 210 284 292 95 285 286 153 151 2 195 47 58 56 13 221 50 70 220 95 229 63 270 255 282 157 141 24 122 162 225 71 78 41 28 202 22 210 19 86 166 50 188 45 195 284 58 233 268 201 193 34 184 106 260 118 177 120 195 74 210 119 102 219 260 235 9 100 283 236 289 78 261 274 149 119 26 191 65 67 213 16 220 59 202 1 225 10 156 75 33 71 233 
1900 connections made
276 277 91 3 224 15 230 231 107 108 271 103 190 32 87 11 12 94 236 96 189 29 200 242 69 252 238 129 46 67 181 70 279 280 239 126 173 171 154 190 22 203 27 219 6 210 140 264 281 258 54 187 183 214 66 135 153 296 101 90 27 116 167 168 35 180 115 116 179 98 260 117 266 273 101 124 175 112 283 226 7 5 83 254 56 210 9 199 80 21 197 45 192 34 32 199 26 78 79 205 
2000 connections made
17 90 23 203 18 20 205 49 155 21 200 42 209 45 185 55 56 123 161 80 201 212 68 203 287 230 290 220 2 239 282 3 191 180 91 211 116 190 95 281 93 4 237 15 222 285 112 81 17 212 41 74 184 111 178 121 130 170 84 266 110 292 1 145 34 177 57 167 79 5 186 107 254 80 149 215 213 261 259 110 108 16 98 184 31 60 188 26 194 172 124 176 151 261 103 186 65 195 33 180 
2100 connections made
71 179 36 219 17 210 4 226 255 120 134 161 35 143 285 228 290 288 229 0 214 28 209 77 275 227 125 126 240 280 242 296 109 192 49 195 298 104 293 247 58 1 123 102 252 12 24 203 12 224 217 8 24 194 30 185 72 27 189 31 204 191 19 14 206 2 222 22 194 238 126 155 26 101 263 116 117 268 124 285 189 24 297 240 112 255 76 19 201 20 213 189 48 169 113 115 172 43 186 106 
2200 connections made
243 104 90 242 125 165 166 59 33 133 176 174 54 188 62 296 97 7 8 239 109 197 23 107 240 248 131 294 110 81 94 250 122 216 18 209 89 273 92 4 220 292 222 26 43 151 74 199 261 94 3 86 87 29 187 63 18 193 24 197 293 290 208 80 32 184 112 142 174 36 168 98 266 233 224 0 2 214 10 90 30 186 39 182 115 88 82 40 41 195 111 267 256 143 30 105 113 182 34 200 
2300 connections made
108 29 253 95 276 230 98 216 14 112 190 23 210 41 73 33 184 49 182 118 156 290 226 288 222 0 91 282 251 98 187 93 254 78 165 135 260 89 206 25 219 11 212 280 99 154 283 110 111 20 211 22 205 295 296 164 165 120 178 60 184 73 5 207 22 299 0 79 184 41 234 265 119 179 172 129 28 186 109 229 98 243 86 15 221 19 71 296 91 231 269 95 278 221 102 187 4 130 158 136 
2400 connections made
22 193 77 213 228 283 298 95 187 40 47 167 135 234 128 293 164 80 26 201 8 61 4 90 11 251 148 55 193 37 82 265 281 112 262 102 2 224 288 213 279 85 35 188 51 194 210 211 213 118 228 99 298 91 7 197 200 30 193 294 101 257 93 179 121 176 140 242 169 171 39 191 35 57 184 102 191 42 206 30 189 42 166 292 116 181 98 192 57 69 44 110 285 80 143 171 134 251 47 193 

image path: image.png
canvas radius (cm): 30
numer of pins: 300
thread thickness (cm): 0.05
pins to skip in minimum connection: 1
logging: 1
showing process: 0
resolution: 1200
number of all possible connections: 44850
2500 connections made out of 44850
948.1169975388923 m of thread needed
error is 54.45186597222222
time: 603.3446614742279

