20 0 40 60 80 100 120 142 163 1 21 121 40 101 180 128 16 122 30 104 171 129 14 155 105 24 66 31 93 55 103 36 65 190 91 56 83 182 71 187 123 199 167 136 11 156 178 87 25 127 185 51 117 22 110 150 71 197 49 119 17 95 172 128 20 154 130 169 105 52 113 28 123 12 133 168 11 146 36 121 31 79 184 97 52 194 173 9 159 71 91 172 103 179 129 46 120 41 99 67 199 48 
100 connections made
23 70 189 96 53 193 126 29 1 65 102 37 64 117 173 74 181 98 171 10 158 136 164 110 29 151 11 142 110 16 132 13 141 166 105 34 109 154 28 127 22 106 165 81 183 60 92 68 198 170 34 77 192 61 38 101 66 10 37 145 21 128 15 133 82 181 127 106 51 114 22 94 54 188 78 185 9 134 176 84 180 86 30 109 50 118 18 130 178 105 128 19 155 87 172 79 22 120 195 51 
200 connections made
101 56 184 80 167 134 11 62 39 126 186 7 174 67 35 127 27 118 46 24 93 67 187 117 88 161 98 145 13 48 125 196 76 35 104 53 191 30 106 17 131 168 87 145 165 88 22 125 36 75 185 68 9 166 138 185 73 197 148 11 111 141 5 161 94 129 19 111 199 42 98 175 86 59 100 158 105 150 31 85 190 80 30 103 25 63 2 27 114 135 191 69 184 163 139 14 131 151 87 174 
300 connections made
110 146 3 162 82 178 78 33 126 17 78 192 68 32 185 96 198 114 164 12 51 116 197 80 138 15 123 20 106 23 122 169 195 77 25 45 99 183 127 192 46 97 177 133 195 45 147 183 92 70 0 76 26 129 157 13 106 6 139 42 102 31 199 66 36 115 25 138 20 93 168 105 27 69 96 47 104 18 131 12 146 191 153 89 172 84 15 144 105 170 130 19 125 97 196 119 37 58 90 47 
400 connections made
84 177 79 175 109 41 118 22 136 174 127 21 82 123 3 68 47 94 19 169 86 179 72 149 94 65 37 109 147 35 114 190 69 173 148 105 46 16 36 156 14 145 4 107 2 55 185 159 85 7 178 151 95 54 12 139 159 93 165 87 28 106 157 194 90 152 17 63 38 106 63 169 10 165 108 193 86 3 149 34 120 20 83 174 102 122 22 69 182 86 166 69 197 43 117 138 91 185 59 1 
500 connections made
38 74 52 143 108 20 140 112 181 68 34 122 10 96 12 189 53 99 148 9 176 62 182 97 188 155 180 104 40 143 16 130 191 87 157 95 43 125 167 118 57 183 4 58 192 139 76 127 24 116 92 170 74 22 104 175 35 135 7 56 25 90 149 192 82 169 99 159 62 85 194 47 15 131 16 127 161 10 154 17 71 181 78 24 102 44 120 182 160 128 53 77 186 49 150 188 62 22 128 95 
600 connections made
13 131 92 189 123 145 189 105 65 140 41 127 19 196 81 27 119 32 98 164 82 185 110 26 121 141 8 160 34 111 147 107 21 81 101 181 80 16 139 13 180 78 49 103 156 109 152 172 70 90 181 122 162 22 49 135 17 109 28 68 195 122 75 27 184 133 10 152 2 79 51 29 152 123 86 158 184 71 161 44 196 60 126 26 53 149 59 139 11 132 21 164 88 144 73 182 135 198 125 69 
700 connections made
12 112 7 79 124 179 94 15 136 13 34 4 142 92 35 106 42 3 23 123 16 121 43 97 9 137 115 33 112 45 65 154 88 48 185 67 166 109 199 143 116 81 179 97 45 198 168 100 143 186 67 181 73 103 3 97 58 21 129 51 187 62 26 120 80 39 106 0 132 178 107 167 189 31 116 183 75 54 120 13 72 145 174 91 24 193 64 185 87 114 171 38 7 74 180 82 12 76 194 61 
800 connections made
96 40 168 52 196 141 179 157 101 30 120 154 75 196 171 77 156 196 112 22 121 28 52 180 144 122 24 147 167 93 3 122 55 91 134 194 123 191 109 35 59 114 71 27 5 54 165 15 86 174 74 129 16 63 145 114 161 92 181 46 138 178 117 20 137 103 64 167 91 155 42 107 38 97 75 173 87 57 105 5 96 194 114 28 80 6 124 22 194 98 35 108 161 57 148 6 152 36 155 133 
900 connections made
20 62 175 82 194 63 42 105 129 187 40 8 65 95 170 112 28 178 100 145 12 172 151 78 190 126 19 146 181 84 62 82 159 131 173 73 45 85 179 69 89 45 119 24 47 177 1 53 22 130 33 9 175 69 162 193 123 22 99 158 90 113 199 107 162 29 61 190 84 104 49 69 19 174 61 182 82 18 109 143 190 50 94 163 135 13 64 133 14 49 87 2 142 10 181 33 100 69 132 15 
1000 connections made
192 133 47 4 25 79 195 39 127 179 56 115 27 142 7 89 196 164 57 98 149 119 36 56 136 77 105 38 112 133 9 112 139 67 116 151 102 79 169 70 157 85 13 97 143 94 172 140 160 78 131 153 176 48 8 120 25 183 55 198 57 177 73 156 97 192 48 6 92 180 123 19 41 75 37 114 138 13 167 105 30 197 86 7 151 96 180 45 163 105 172 74 184 21 44 17 75 179 52 149 
1100 connections made
190 136 14 96 35 11 140 17 113 18 135 100 19 54 111 143 1 72 40 131 31 132 50 123 197 155 81 173 121 24 87 169 36 173 85 170 128 162 90 169 67 46 151 187 75 107 64 165 52 112 42 78 194 60 161 75 7 139 30 115 82 184 89 163 92 44 168 83 22 142 1 121 51 169 117 147 72 119 53 186 110 160 61 185 5 55 13 147 0 174 92 168 108 63 158 88 67 178 84 60 
1200 connections made
187 109 198 70 131 59 7 28 129 149 199 54 163 115 32 141 3 182 88 112 39 138 23 188 80 143 45 8 102 52 31 118 155 114 38 187 16 164 67 189 138 64 176 196 69 15 37 118 172 76 96 140 53 73 195 116 16 191 64 104 4 136 111 78 43 122 15 114 158 187 126 168 81 1 51 174 68 153 26 109 24 125 8 69 159 49 137 161 93 195 107 41 121 99 78 184 6 156 124 21 
1300 connections made
79 166 31 109 87 164 22 137 171 103 58 139 68 41 103 7 129 191 37 127 70 44 160 55 188 65 144 32 10 88 166 49 86 186 63 184 120 28 73 174 33 98 30 126 41 163 90 151 125 17 147 62 109 133 22 0 35 55 80 21 62 172 193 18 40 107 127 147 86 184 152 195 46 122 96 181 2 64 15 162 43 136 156 90 121 30 66 88 127 3 138 92 150 16 195 149 55 176 117 93 
1400 connections made
148 68 175 95 49 118 142 54 102 29 128 199 122 19 143 12 190 42 89 167 39 101 7 87 177 147 21 116 83 173 58 194 14 90 30 100 11 31 57 78 191 169 113 27 181 87 132 25 157 66 156 193 111 131 76 51 130 150 66 112 35 140 84 161 62 93 71 160 73 99 8 153 98 58 81 135 33 196 157 1 64 43 22 68 123 100 51 71 180 15 148 13 149 85 128 148 32 170 58 180 
1500 connections made
108 41 179 2 74 156 108 19 109 36 111 60 189 93 184 39 141 56 191 86 195 72 98 151 45 93 198 107 85 150 104 144 27 133 41 167 7 156 51 137 113 192 152 197 83 183 154 102 193 57 163 20 96 63 137 46 10 101 167 192 43 105 165 42 21 122 14 144 16 69 189 168 146 4 171 150 29 198 19 131 90 157 135 21 158 179 78 23 131 197 44 104 181 97 61 188 109 193 104 157 
1600 connections made
105 51 19 132 36 85 108 171 85 110 89 175 70 1 178 86 10 30 50 79 176 114 91 130 53 27 3 147 42 173 103 125 76 160 180 30 162 8 111 67 98 39 75 159 34 107 52 147 50 150 2 33 136 36 112 197 58 114 12 32 164 5 25 117 137 28 132 49 117 140 92 133 71 144 164 24 186 165 9 29 105 126 146 197 51 72 188 167 17 37 73 196 94 73 31 142 121 79 129 33 
1700 connections made
53 97 117 159 179 110 130 20 40 178 198 18 143 163 142 5 26 46 170 149 181 47 67 136 8 39 18 111 134 154 175 195 15 119 98 74 94 72 33 54 75 95 115 22 1 66 177 141 120 140 61 81 59 83 103 34 117 197 17 196 172 197 20 131 179 3 27 48 70 192 59 173 11 116 95 74 53 76 166 145 169 190 166 43 20 125 103 178 136 16 193 45 23 2 80 168 110 56 12 160 
1800 connections made
182 2 58 99 28 51 89 65 106 55 159 116 53 167 95 46 142 80 154 177 70 48 157 92 162 40 124 101 11 145 69 164 77 50 130 30 116 34 115 94 34 121 68 180 61 178 64 10 80 156 75 -1 126 20 142 69 160 81 172 101 -1 -1 -1 -1 -1 -1 -1 -1 -1 -1 -1 -1 -1 -1 -1 -1 -1 -1 -1 -1 -1 -1 -1 -1 -1 -1 -1 -1 -1 -1 -1 -1 -1 -1 -1 -1 -1 -1 -1 -1 
1900 connections made
-1 -1 -1 -1 -1 -1 -1 -1 -1 -1 -1 -1 -1 -1 -1 -1 -1 -1 -1 -1 -1 -1 -1 -1 -1 -1 -1 -1 -1 -1 -1 -1 -1 -1 -1 -1 -1 -1 -1 -1 -1 -1 -1 -1 -1 -1 -1 -1 -1 -1 

image path: black.png
canvas radius (cm): 20
numer of pins: 200
thread thickness (cm): 0.1
pins to skip in minimum connection: 20
logging: 1
showing process: 0
resolution: 400
number of all possible connections: 16100
1950 connections made out of 16100
568.3023333581962 m of thread needed
error is 1.3743875
time: 142.36578392982483

