142 41 42 142 52 157 42 149 58 141 54 153 41 158 51 143 45 148 50 144 41 150 56 141 46 157 54 151 49 158 45 151 41 154 48 148 54 144 58 146 49 152 42 145 51 141 55 143 58 156 47 150 54 145 57 141 48 159 44 144 43 148 57 157 41 155 53 141 50 146 43 154 45 141 161 139 159 47 141 52 151 51 154 42 156 41 61 39 59 153 49 147 55 140 56 145 52 146 41 149 49 141 
100 connections made
43 152 47 155 40 156 44 153 53 156 49 150 55 144 56 143 59 144 52 150 46 153 47 147 59 150 48 157 40 154 133 156 43 65 44 151 57 142 58 37 57 147 53 149 47 151 40 60 148 56 156 45 159 46 154 49 144 166 145 48 142 55 34 54 152 41 147 167 143 54 146 59 141 168 142 45 157 43 159 137 158 53 140 58 150 43 155 42 66 40 153 52 158 43 147 56 34 59 160 45 
200 connections made
65 158 46 152 53 143 163 56 151 55 153 48 151 128 152 45 130 155 134 157 39 66 41 142 56 149 54 142 60 144 57 139 163 140 50 152 40 143 50 149 59 148 51 29 52 156 46 162 47 68 46 146 166 141 34 57 143 52 138 54 162 52 154 47 145 58 30 50 145 63 42 159 53 154 39 156 135 53 146 44 67 154 63 156 127 153 56 158 73 52 159 128 150 62 146 37 151 42 137 48 

image path: line.png
canvas radius (cm): 20
numer of pins: 200
thread thickness (cm): 0.1
pins to skip in minimum connection: 20
logging: 1
showing process: 0
resolution: 400
number of all possible connections: 16100
300 connections made out of 16100
87.83627513823707 m of thread needed
error is 10.3030375
time: 26.65172791481018

