126 144 171 192 125 154 169 124 195 152 211 195 170 118 177 192 153 209 141 201 147 125 167 201 133 182 117 70 85 100 67 88 266 245 276 236 287 242 267 285 243 5 235 288 228 6 234 291 226 7 233 289 227 297 242 272 256 287 240 1 222 8 225 299 254 94 259 286 250 72 112 79 138 206 164 127 142 198 169 119 67 132 202 165 215 146 212 151 196 123 67 141 76 106 270 98 263 246 68 118 180
-------------100 connections--------------
 154 207 162 217 150 214 169 200 86 267 101 253 3 236 281 244 69 113 268 283 34 49 28 12 221 9 42 25 50 16 225 293 50 0 223 7 54 133 66 188 172 118 148 217 145 289 104 80 111 273 97 246 103 84 260 285 106 260 81 243 70 189 171 194 118 175 76 116 266 102 250 4 44 19 221 16 57 185 107 278 102 290 144 66 124 193 214 148 197 69 254 111 258 108 249 76 149 296 52 24
-------------200 connections--------------
 57 6 230 291 143 73 176 125 187 67 247 95 275 251 1 48 18 232 290 255 90 241 225 11 30 47 3 221 294 151 67 121 261 284 120 167 67 190 154 216 164 134 58 299 54 136 80 261 104 83 110 182 212 194 69 131 277 105 287 238 2 156 67 172 57 182 50 33 10 220 20 94 252 112 77 139 205 165 126 269 107 259 73 116 178 214 160 209 103 276 228 294 224 251 114 267 30 61 133 294
-------------300 connections--------------
 255 88 242 108 184 55 295 201 85 102 186 71 170 153 217 159 54 11 222 2 150 288 233 10 62 5 248 94 278 87 19 225 14 51 12 232 73 148 218 158 1 226 298 257 286 146 126 274 96 242 72 252 102 241 112 183 109 245 68 186 106 291 202 67 170 78 105 211 160 118 286 242 221 23 43 6 225 24 100 279 263 79 268 85 232 291 57 11 60 184 57 0 253 91 147 119 264 188 216 124
-------------400 connections--------------
 182 114 295 226 292 229 74 169 59 154 136 162 129 291 135 217 151 71 113 296 54 31 46 157 66 204 92 252 68 235 287 234 288 103 251 178 42 162 216 176 241 98 235 254 89 16 209 183 204 3 63 9 207 76 113 170 58 181 213 111 173 66 152 291 49 17 222 15 60 161 208 142 75 256 81 148 67 236 107 246 287 249 117 196 67 189 56 292 142 297 48 20 43 222 30 113 240 105 188 76
-------------500 connections--------------
 235 282 262 97 252 109 214 122 166 115 179 111 191 55 17 220 4 203 7 225 2 139 229 287 254 220 24 271 84 242 291 100 252 95 272 101 242 82 132 215 177 121 271 237 106 252 78 9 35 220 13 81 268 77 165 204 62 14 207 187 99 245 180 61 140 213 165 67 200 184 58 290 52 11 207 106 232 103 265 89 169 114 239 91 282 95 186 111 181 148 124 174 63 298 151 31 221 7 242 111
-------------600 connections--------------
 286 58 5 172 112 249 19 54 192 70 255 273 86 259 102 234 148 86 230 144 212 109 215 125 166 37 21 47 292 227 78 188 71 276 100 268 191 66 203 290 226 296 222 237 274 83 9 223 3 53 287 97 183 105 249 187 79 94 270 124 161 139 67 249 176 117 188 57 295 64 203 11 63 231 295 278 90 201 83 164 118 152 297 64 205 146 235 278 72 150 121 169 204 295 111 265 76 255 124 275
-------------700 connections--------------
 194 87 266 126 291 103 240 270 69 234 166 295 34 221 28 253 236 75 189 71 107 182 116 68 242 103 271 42 7 62 0 53 20 38 8 204 77 96 185 56 16 165 71 258 89 202 13 222 6 52 31 110 276 114 199 111 262 120 158 216 233 290 154 296 200 165 42 225 79 148 170 213 104 208 8 192 65 196 281 59 289 136 119 266 286 255 137 283 59 204 81 224 69 271 100 256 91 106 22 61
-------------800 connections--------------
 28 148 6 255 175 134 227 249 121 252 73 98 246 105 187 81 280 89 179 117 181 134 298 121 175 58 285 236 145 299 63 5 53 256 67 240 71 130 215 116 197 98 113 201 293 45 4 235 290 169 67 159 74 231 291 93 254 178 118 239 106 185 265 91 279 242 94 253 71 184 111 19 222 5 75 282 54 189 65 241 0 76 228 293 64 199 267 108 231 142 26 41 10 31 59 3 61 124 168 149
-------------900 connections--------------
 217 232 105 241 103 244 269 105 238 273 89 256 87 14 57 194 54 286 258 50 18 56 7 186 133 230 108 288 147 217 157 226 299 131 146 217 174 135 226 294 88 279 80 172 123 295 156 276 260 72 233 83 154 266 56 25 40 232 98 250 103 214 106 204 188 77 284 2 130 23 98 253 90 268 78 239 110 89 277 193 116 240 288 60 9 186 208 134 273 140 174 78 149 209 28 224 124 257 185 117
-------------1000 connections--------------
 192 216 160 49 0 70 190 252 99 228 142 1 223 294 169 34 235 147 281 82 278 84 268 117 183 211 3 69 272 115 216 122 149 269 70 246 94 234 105 186 100 12 96 253 186 108 274 61 14 59 222 10 205 105 27 141 70 256 94 275 145 75 128 163 79 244 101 289 170 293 66 189 21 220 243 264 91 254 182 113 133 228 291 86 257 92 277 111 237 114 221 154 118 176 199 91 24 43 294 64
-------------1100 connections--------------
 2 71 268 159 138 212 178 76 280 59 192 18 168 118 171 66 210 28 220 72 186 67 14 46 200 69 295 10 193 64 201 55 10 175 216 112 245 260 77 209 7 48 23 200 96 131 293 226 297 119 265 94 251 101 247 219 11 50 277 101 186 117 178 134 292 57 9 224 84 258 278 60 204 288 100 33 221 194 115 294 124 261 242 64 5 279 139 26 225 1 224 87 25 174 118 157 220 43 189 69
-------------1200 connections--------------
 147 183 266 250 7 194 175 94 249 102 118 173 65 221 39 15 94 195 261 141 217 168 67 163 135 249 110 185 163 118 14 95 206 17 52 257 78 278 249 103 274 98 229 290 243 72 99 0 200 87 197 92 17 207 287 244 98 187 60 285 232 107 239 151 68 248 71 187 269 284 133 3 281 62 18 198 115 130 229 109 186 113 241 8 172 238 153 296 225 4 65 257 91 289 64 299 77 226 136 234
-------------1300 connections--------------
 266 86 268 104 241 152 167 19 48 178 78 14 69 103 269 51 35 167 69 25 262 85 188 45 203 293 91 260 98 255 105 239 121 156 286 87 283 134 288 83 270 91 75 268 141 229 94 110 210 187 100 243 226 282 56 39 213 126 249 107 186 103 277 232 109 180 117 216 109 242 102 287 265 78 8 60 191 117 236 114 223 37 260 102 245 73 182 127 165 118 210 62 206 190 9 222 28 225 13 49
-------------1400 connections--------------
 14 219 7 63 6 161 214 163 298 100 119 138 199 56 269 84 256 93 199 98 264 107 238 221 115 203 94 8 84 275 290 67 198 291 64 296 228 212 160 144 170 135 214 115 185 264 150 5 162 36 178 120 67 251 99 242 90 277 88 280 73 95 213 14 222 4 57 229 132 195 96 254 275 91 263 111 230 189 60 35 186 216 113 183 298 64 25 214 92 231 287 253 92 266 84 283 246 109 258 86
-------------1500 connections--------------
 292 53 9 51 297 223 58 206 18 49 282 109 238 27 116 248 105 216 132 189 68 222 33 197 101 268 72 158 217 160 131 202 273 70 271 289 69 232 8 61 152 222 252 105 242 97 117 203 20 42 0 239 103 255 92 170 120 216 178 142 157 73 88 10 78 4 211 179 106 189 50 169 118 236 274 92 259 45 16 31 202 33 212 150 23 199 47 182 164 278 64 281 144 265 152 237 108 239 113 188
-------------1600 connections--------------
 75 208 30 198 180 136 169 85 287 2 83 289 194 111 248 96 245 85 223 14 32 125 173 106 122 37 220 109 203 15 57 13 83 206 7 276 62 194 44 200 215 235 115 181 31 222 22 5 266 89 278 74 242 26 201 60 77 266 79 196 287 243 96 256 79 220 41 275 148 123 264 244 155 54 69 145 288 232 115 212 168 20 202 124 215 297 90 273 94 250 131 40 201 66 291 229 293 239 159 59
-------------1700 connections--------------
 37 214 94 257 239 99 194 174 41 188 73 196 34 280 235 172 70 293 84 265 248 91 271 76 13 60 279 46 217 111 88 176 123 164 31 260 93 252 115 237 104 169 184 139 217 118 179 113 276 235 1 99 272 84 285 64 197 2 63 17 214 142 255 229 12 224 133 194 113 238 270 114 262 100 255 32 84 289 67 191 36 174 60 12 203 9 189 52 183 108 123 252 120 234 116 222 206 291 149 199
-------------1800 connections--------------
 127 227 129 146 26 63 8 89 282 78 95 239 102 262 84 280 102 58 38 177 67 252 287 99 246 95 207 22 46 220 67 3 226 133 151 119 216 53 265 90 152 210 15 53 198 78 158 141 173 128 10 114 178 194 97 81 4 147 257 274 113 256 66 296 15 217 43 221 105 245 25 204 96 278 198 71 274 90 196 94 258 82 273 84 246 96 4 63 202 18 33 185 111 238 260 86 134 274 189 35
-------------1900 connections--------------
 273 248 230 267 153 222 37 4 226 289 80 186 97 253 104 62 9 213 143 282 158 223 115 218 234 108 241 110 183 115 236 109 230 106 187 23 191 127 160 178 260 63 161 44 28 223 204 69 84 5 56 29 144 162 286 101 258 18 100 195 98 283 299 14 60 276 112 237 138 269 71 221 60 197 132 32 196 168 142 229 115 176 74 294 17 254 86 59 295 91 288 85 231 290 8 82 289 58 291 44
-------------2000 connections--------------
 214 294 108 87 217 75 186 157 290 192 115 186 77 258 65 184 117 211 13 47 191 262 93 34 184 109 124 175 191 13 94 255 131 114 288 64 159 118 181 78 298 198 224 239 109 290 90 266 82 286 260 80 282 58 221 18 247 267 76 4 139 256 112 199 88 253 65 281 264 228 110 229 145 233 141 125 182 59 17 57 41 241 106 201 42 146 252 143 286 150 299 182 67 287 81 165 212 164 89 249
-------------2100 connections--------------
 233 26 241 100 245 108 5 192 109 273 69 158 132 287 241 107 244 152 226 155 271 87 71 291 29 8 216 100 242 95 202 217 63 295 68 263 94 247 185 113 234 289 77 261 92 107 6 204 21 170 123 216 146 79 297 50 291 182 197 57 268 92 250 100 269 288 51 216 17 35 291 213 112 229 27 62 12 228 260 75 274 201 224 131 265 101 234 103 238 7 107 208 117 35 179 56 9 61 266 135
-------------2200 connections--------------
 200 106 128 181 113 224 262 91 273 83 280 82 98 249 264 88 34 203 55 75 14 202 65 230 96 247 92 254 103 216 110 3 78 246 123 279 66 81 171 121 212 185 102 243 258 96 219 74 253 290 56 154 179 139 253 175 4 200 2 69 174 24 148 125 169 145 13 59 206 0 231 144 229 147 22 198 63 191 224 159 16
--------------------------------

resolution: 1000 pixels in diameter
thread length: 833 m
connections: 2281 / 40650
whole error: 47.8211839999999; 81.25% acccuracy