174 0 189 175 11 186 5 171 12 174 191 15 170 13 33 43 26 49 62 77 55 31 20 41 62 73 95 137 121 131 108 137 104 115 95 133 101 138 94 78 51 61 78 106 132 118 94 140 91 79 111 129 70 48 32 14 199 10 177 188 1 172 4 187 48 65 130 109 152 102 137 117 84 126 113 137 74 56 27 39 174 196 151 105 133 68 124 87 138 92 120 55 28 7 166 13 168 6 180 44 183
-------------100 connections--------------
 25 14 165 16 169 5 181 48 74 101 149 103 32 101 87 19 165 8 104 134 94 142 90 27 165 13 173 42 19 46 75 135 71 128 112 54 78 98 137 106 148 88 21 165 15 195 176 38 108 95 199 149 87 58 124 61 86 20 38 171 2 99 34 12 184 43 178 7 98 139 81 119 56 25 165 17 168 34 102 154 105 33 100 135 88 116 157 118 58 73 138 91 147 190 47 182 13 169 2 187
-------------200 connections--------------
 145 107 132 120 53 80 140 182 45 177 13 171 10 103 72 47 28 165 23 87 15 74 55 37 99 1 94 4 101 155 120 147 97 34 46 113 186 9 36 61 119 57 68 147 85 21 174 185 49 112 127 64 117 133 111 158 114 160 91 26 165 29 90 19 168 21 90 157 69 56 84 138 99 77 13 167 22 165 30 89 138 103 146 65 149 193 173 199 98 5 95 138 97 1 151 197 53 38 12 79
-------------300 connections--------------
 142 153 70 149 93 3 102 112 138 78 16 43 188 144 69 5 154 69 138 90 148 199 52 121 196 169 11 26 55 33 106 134 114 125 57 24 165 20 128 15 109 183 108 136 146 193 181 106 12 179 45 185 164 174 91 158 68 36 102 31 15 79 59 86 144 55 196 88 14 196 84 62 72 140 77 153 111 160 106 9 68 145 58 88 98 3 165 18 124 165 31 61 143 87 26 51 39 102 147 57
-------------400 connections--------------
 111 131 22 135 104 179 48 184 10 165 32 107 8 98 142 52 108 192 110 32 106 138 100 75 151 89 13 172 194 56 1 133 83 69 156 17 169 83 23 129 106 11 80 90 195 150 64 147 78 144 93 138 96 7 173 186 146 80 13 73 16 26 137 172 85 138 81 144 192 118 136 125 97 37 66 41 173 73 4 99 177 37 21 31 41 171 15 44 72 148 56 131 91 150 74 167 76 163 129 15
-------------500 connections--------------
 153 18 88 140 81 171 188 48 27 134 109 128 17 154 88 32 113 99 29 45 188 115 46 176 101 47 76 159 116 199 166 190 86 198 153 119 37 171 138 104 186 7 69 140 49 21 87 18 79 93 197 117 17 110 8 68 160 89 147 96 1 100 137 7 169 15 126 55 163 96 30 103 199 147 158 18 77 65 36 6 165 73 152 93 60 168 184 50 197 129 92 32 102 169 181 11 140 57 190 174
-------------600 connections--------------
 80 56 24 132 21 91 156 72 184 45 180 103 166 16 30 106 156 97 32 99 150 61 74 138 88 34 86 25 144 51 193 3 179 100 136 104 155 20 5 70 158 23 138 98 63 167 15 168 104 9 108 13 174 184 99 35 67 155 140 76 143 191 165 54 43 159 17 120 186 106 131 23 114 48 117 194 110 123 61 85 170 195 91 13 103 15 88 1 101 136 105 132 19 125 106 23 44 186 123 166
-------------700 connections--------------
 179 23 146 58 90 15 144 194 148 77 97 157 76 17 167 90 60 32 87 66 76 149 26 141 154 68 152 17 144 60 140 84 12 178 85 28 140 79 16 184 147 134 116 198 114 31 143 95 195 87 20 50 145 69 2 54 81 161РЕЗУЛЬТАТ
Радиус холста: 30.0
Толщина нити: 0.1
Количество гвоздей: 200

Количество всех возможных соединений: 19900
Количество рассмотренных соединений: 18100
Количество проведенных соединений: 758

Разрешение изображения: 600 x 600пикселей

Требуемая длина нити: 306.1 m
Расстрояние между гвоздями: 0.942; угловой шаг: 0.031

Общая ошибка: 55.27 (78.33) %
Логгирование включено
Отображение процесса генерации включено
Количество гвоздей, пропускаемое при кротчайшей хорде: 10
